Wvlgth Direct_normal_irradiance Difuse_horizn_irradiance Dir_norml_PAR_photn_flux
.2800E+03 .1664E-36 .1331E-20 .3895E-36
.2810E+03 .3728E-33 .1899E-18 .8757E-33
.2820E+03 .2181E-29 .7352E-18 .5142E-29
.2830E+03 .2023E-27 .6091E-17 .4785E-27
.2840E+03 .1102E-24 .1581E-15 .2617E-24
.2850E+03 .9491E-23 .1580E-14 .2261E-22
.2860E+03 .9495E-21 .1638E-13 .2270E-20
.2870E+03 .1167E-18 .2443E-12 .2799E-18
.2880E+03 .2565E-16 .3492E-11 .6175E-16
.2890E+03 .9095E-15 .2339E-10 .2197E-14
.2900E+03 .3869E-13 .2010E-09 .9379E-13
.2910E+03 .7072E-12 .1002E-08 .1720E-11
.2920E+03 .2250E-10 .5791E-08 .5491E-10
.2930E+03 .1650E-09 .1868E-07 .4041E-09
.2940E+03 .2252E-08 .9025E-07 .5534E-08
.2950E+03 .1351E-07 .2542E-06 .3333E-07
.2960E+03 .1189E-06 .1033E-05 .2943E-06
.2970E+03 .4215E-06 .2506E-05 .1046E-05
.2980E+03 .2346E-05 .9683E-05 .5843E-05
.2990E+03 .5937E-05 .2014E-04 .1484E-04
.3000E+03 .1954E-04 .5739E-04 .4901E-04
.3010E+03 .5395E-04 .1579E-03 .1357E-03
.3020E+03 .1070E-03 .3569E-03 .2701E-03
.3030E+03 .3658E-03 .9569E-03 .9266E-03
.3040E+03 .5720E-03 .1365E-02 .1454E-02
.3050E+03 .1276E-02 .2966E-02 .3254E-02
.3060E+03 .1630E-02 .3739E-02 .4168E-02
.3070E+03 .2857E-02 .6638E-02 .7332E-02
.3080E+03 .4349E-02 .1025E-01 .1120E-01
.3090E+03 .5069E-02 .1317E-01 .1309E-01
.3100E+03 .7276E-02 .1702E-01 .1886E-01
.3110E+03 .1261E-01 .2805E-01 .3278E-01
.3120E+03 .1543E-01 .3255E-01 .4024E-01
.3130E+03 .1897E-01 .3850E-01 .4962E-01
.3140E+03 .2202E-01 .4338E-01 .5779E-01
.3150E+03 .2684E-01 .5164E-01 .7068E-01
.3160E+03 .2512E-01 .4716E-01 .6636E-01
.3170E+03 .3641E-01 .6721E-01 .9647E-01
.3180E+03 .3839E-01 .6933E-01 .1020E+00
.3190E+03 .4730E-01 .8619E-01 .1261E+00
.3200E+03 .4719E-01 .8176E-01 .1262E+00
.3210E+03 .6111E-01 .1093E+00 .1640E+00
.3220E+03 .5423E-01 .9169E-01 .1460E+00
.3230E+03 .5351E-01 .9020E-01 .1445E+00
.3240E+03 .7201E-01 .1225E+00 .1950E+00
.3250E+03 .7282E-01 .1172E+00 .1978E+00
.3260E+03 .1032E+00 .1673E+00 .2811E+00
.3270E+03 .1099E+00 .1749E+00 .3004E+00
.3280E+03 .9727E-01 .1491E+00 .2667E+00
.3290E+03 .1208E+00 .1860E+00 .3323E+00
.3300E+03 .1369E+00 .2061E+00 .3778E+00
.3310E+03 .1181E+00 .1706E+00 .3268E+00
.3320E+03 .1308E+00 .1893E+00 .3631E+00
.3330E+03 .1307E+00 .1856E+00 .3639E+00
.3340E+03 .1278E+00 .1747E+00 .3568E+00
.3350E+03 .1454E+00 .1992E+00 .4071E+00
.3360E+03 .1320E+00 .1843E+00 .3708E+00
.3370E+03 .1204E+00 .1558E+00 .3391E+00
.3380E+03 .1418E+00 .1817E+00 .4008E+00
.3390E+03 .1533E+00 .1965E+00 .4346E+00
.3400E+03 .1683E+00 .2067E+00 .4784E+00
.3410E+03 .1602E+00 .1971E+00 .4565E+00
.3420E+03 .1683E+00 .1991E+00 .4811E+00
.3430E+03 .1794E+00 .2088E+00 .5143E+00
.3440E+03 .1475E+00 .1671E+00 .4242E+00
.3450E+03 .1639E+00 .1834E+00 .4728E+00
.3460E+03 .1727E+00 .1874E+00 .4996E+00
.3470E+03 .1808E+00 .1930E+00 .5243E+00
.3480E+03 .1758E+00 .1831E+00 .5115E+00
.3490E+03 .1742E+00 .1771E+00 .5083E+00
.3500E+03 .1999E+00 .1993E+00 .5847E+00
.3510E+03 .2111E+00 .2072E+00 .6195E+00
.3520E+03 .2004E+00 .1936E+00 .5896E+00
.3530E+03 .2035E+00 .1918E+00 .6004E+00
.3540E+03 .2387E+00 .2206E+00 .7064E+00
.3550E+03 .2438E+00 .2214E+00 .7234E+00
.3560E+03 .2232E+00 .1988E+00 .6642E+00
.3570E+03 .1858E+00 .1626E+00 .5544E+00
.3580E+03 .1765E+00 .1518E+00 .5283E+00
.3590E+03 .1945E+00 .1644E+00 .5837E+00
.3600E+03 .2500E+00 .2080E+00 .7525E+00
.3610E+03 .2195E+00 .1793E+00 .6623E+00
.3620E+03 .2278E+00 .1827E+00 .6893E+00
.3630E+03 .2592E+00 .2044E+00 .7867E+00
.3640E+03 .2636E+00 .2044E+00 .8021E+00
.3650E+03 .2735E+00 .2086E+00 .8345E+00
.3660E+03 .3254E+00 .2441E+00 .9955E+00
.3670E+03 .3226E+00 .2381E+00 .9896E+00
.3680E+03 .3003E+00 .2182E+00 .9237E+00
.3690E+03 .3145E+00 .2249E+00 .9700E+00
.3700E+03 .3455E+00 .2432E+00 .1069E+01
.3710E+03 .3199E+00 .2217E+00 .9921E+00
.3720E+03 .3135E+00 .2140E+00 .9749E+00
.3730E+03 .2900E+00 .1949E+00 .9041E+00
.3740E+03 .2627E+00 .1739E+00 .8214E+00
.3750E+03 .2804E+00 .1828E+00 .8789E+00
.3760E+03 .3233E+00 .2078E+00 .1016E+01
.3770E+03 .3437E+00 .2177E+00 .1083E+01
.3780E+03 .4159E+00 .2596E+00 .1314E+01
.3790E+03 .3639E+00 .2240E+00 .1153E+01
.3800E+03 .3451E+00 .2095E+00 .1096E+01
.3810E+03 .3791E+00 .2268E+00 .1207E+01
.3820E+03 .2935E+00 .1731E+00 .9372E+00
.3830E+03 .2293E+00 .1333E+00 .7342E+00
.3840E+03 .2586E+00 .1484E+00 .8301E+00
.3850E+03 .3440E+00 .1949E+00 .1107E+01
.3860E+03 .3194E+00 .1786E+00 .1030E+01
.3870E+03 .3373E+00 .1861E+00 .1091E+01
.3880E+03 .3313E+00 .1805E+00 .1074E+01
.3890E+03 .3594E+00 .1933E+00 .1169E+01
.3900E+03 .4206E+00 .2233E+00 .1371E+01
.3910E+03 .4521E+00 .2370E+00 .1478E+01
.3920E+03 .4246E+00 .2199E+00 .1391E+01
.3930E+03 .2579E+00 .1319E+00 .8471E+00
.3940E+03 .2680E+00 .1354E+00 .8826E+00
.3950E+03 .4391E+00 .2193E+00 .1450E+01
.3960E+03 .4136E+00 .2041E+00 .1369E+01
.3970E+03 .2344E+00 .1143E+00 .7779E+00
.3980E+03 .4712E+00 .2271E+00 .1568E+01
.3990E+03 .5945E+00 .2832E+00 .1983E+01
.4000E+03 .6224E+00 .2933E+00 .2081E+01
.4010E+03 .6518E+00 .3008E+00 .2185E+01
.4020E+03 .6813E+00 .3108E+00 .2289E+01
.4030E+03 .6596E+00 .2976E+00 .2222E+01
.4040E+03 .6735E+00 .3007E+00 .2274E+01
.4050E+03 .6601E+00 .2916E+00 .2235E+01
.4060E+03 .6472E+00 .2828E+00 .2196E+01
.4070E+03 .6390E+00 .2761E+00 .2174E+01
.4080E+03 .6701E+00 .2866E+00 .2285E+01
.4090E+03 .7190E+00 .3045E+00 .2458E+01
.4100E+03 .6158E+00 .2582E+00 .2110E+01
.4110E+03 .6925E+00 .2875E+00 .2379E+01
.4120E+03 .7397E+00 .3040E+00 .2548E+01
.4130E+03 .7124E+00 .2900E+00 .2460E+01
.4140E+03 .7080E+00 .2853E+00 .2450E+01
.4150E+03 .7363E+00 .2937E+00 .2554E+01
.4160E+03 .7619E+00 .3008E+00 .2649E+01
.4170E+03 .7461E+00 .2916E+00 .2601E+01
.4180E+03 .7167E+00 .2773E+00 .2504E+01
.4190E+03 .7491E+00 .2870E+00 .2624E+01
.4200E+03 .6892E+00 .2615E+00 .2420E+01
.4210E+03 .7860E+00 .2953E+00 .2766E+01
.4220E+03 .7784E+00 .2895E+00 .2746E+01
.4230E+03 .7568E+00 .2787E+00 .2676E+01
.4240E+03 .7555E+00 .2755E+00 .2678E+01
.4250E+03 .7819E+00 .2823E+00 .2778E+01
.4260E+03 .7630E+00 .2729E+00 .2717E+01
.4270E+03 .7397E+00 .2623E+00 .2640E+01
.4280E+03 .7494E+00 .2635E+00 .2681E+01
.4290E+03 .6969E+00 .2428E+00 .2499E+01
.4300E+03 .5580E+00 .1927E+00 .2006E+01
.4310E+03 .5081E+00 .1739E+00 .1831E+01
.4320E+03 .8487E+00 .2876E+00 .3065E+01
.4330E+03 .7925E+00 .2661E+00 .2868E+01
.4340E+03 .7344E+00 .2444E+00 .2664E+01
.4350E+03 .8079E+00 .2667E+00 .2938E+01
.4360E+03 .8895E+00 .2912E+00 .3242E+01
.4370E+03 .9113E+00 .2958E+00 .3329E+01
.4380E+03 .8025E+00 .2583E+00 .2938E+01
.4390E+03 .7737E+00 .2471E+00 .2839E+01
.4400E+03 .8901E+00 .2817E+00 .3274E+01
.4410E+03 .8812E+00 .2763E+00 .3248E+01
.4420E+03 .9461E+00 .2940E+00 .3496E+01
.4430E+03 .9617E+00 .2965E+00 .3561E+01
.4440E+03 .9402E+00 .2876E+00 .3490E+01
.4450E+03 .9782E+00 .2970E+00 .3639E+01
.4460E+03 .8802E+00 .2651E+00 .3282E+01
.4470E+03 .1004E+01 .2999E+00 .3752E+01
.4480E+03 .1018E+01 .3017E+00 .3814E+01
.4490E+03 .1020E+01 .2993E+00 .3828E+01
.4500E+03 .1061E+01 .3086E+00 .3990E+01
.4510E+03 .1103E+01 .3182E+00 .4158E+01
.4520E+03 .1059E+01 .3030E+00 .4000E+01
.4530E+03 .9803E+00 .2785E+00 .3712E+01
.4540E+03 .1055E+01 .2973E+00 .4002E+01
.4550E+03 .1050E+01 .2935E+00 .3992E+01
.4560E+03 .1087E+01 .3014E+00 .4144E+01
.4570E+03 .1099E+01 .3020E+00 .4198E+01
.4580E+03 .1078E+01 .2937E+00 .4126E+01
.4590E+03 .1072E+01 .2897E+00 .4113E+01
.4600E+03 .1067E+01 .2860E+00 .4104E+01
.4610E+03 .1107E+01 .2944E+00 .4268E+01
.4620E+03 .1121E+01 .2958E+00 .4329E+01
.4630E+03 .1127E+01 .2955E+00 .4360E+01
.4640E+03 .1095E+01 .2855E+00 .4248E+01
.4650E+03 .1085E+01 .2808E+00 .4216E+01
.4660E+03 .1110E+01 .2853E+00 .4326E+01
.4670E+03 .1063E+01 .2710E+00 .4149E+01
.4680E+03 .1111E+01 .2809E+00 .4347E+01
.4690E+03 .1118E+01 .2803E+00 .4384E+01
.4700E+03 .1077E+01 .2681E+00 .4232E+01
.4710E+03 .1097E+01 .2713E+00 .4320E+01
.4720E+03 .1156E+01 .2839E+00 .4562E+01
.4730E+03 .1113E+01 .2714E+00 .4402E+01
.4740E+03 .1127E+01 .2728E+00 .4465E+01
.4750E+03 .1165E+01 .2800E+00 .4627E+01
.4760E+03 .1126E+01 .2686E+00 .4482E+01
.4770E+03 .1135E+01 .2684E+00 .4524E+01
.4780E+03 .1174E+01 .2752E+00 .4692E+01
.4790E+03 .1155E+01 .2682E+00 .4624E+01
.4800E+03 .1177E+01 .2710E+00 .4724E+01
.4810E+03 .1180E+01 .2691E+00 .4747E+01
.4820E+03 .1188E+01 .2687E+00 .4787E+01
.4830E+03 .1177E+01 .2642E+00 .4751E+01
.4840E+03 .1157E+01 .2580E+00 .4680E+01
.4850E+03 .1155E+01 .2560E+00 .4683E+01
.4860E+03 .9384E+00 .2067E+00 .3812E+01
.4870E+03 .1053E+01 .2304E+00 .4287E+01
.4880E+03 .1141E+01 .2479E+00 .4656E+01
.4890E+03 .1076E+01 .2321E+00 .4400E+01
.4900E+03 .1205E+01 .2579E+00 .4936E+01
.4910E+03 .1161E+01 .2465E+00 .4764E+01
.4920E+03 .1108E+01 .2337E+00 .4558E+01
.4930E+03 .1187E+01 .2486E+00 .4893E+01
.4940E+03 .1161E+01 .2414E+00 .4793E+01
.4950E+03 .1234E+01 .2549E+00 .5107E+01
.4960E+03 .1175E+01 .2410E+00 .4872E+01
.4970E+03 .1197E+01 .2436E+00 .4973E+01
.4980E+03 .1166E+01 .2354E+00 .4854E+01
.4990E+03 .1167E+01 .2337E+00 .4869E+01
.5000E+03 .1164E+01 .2312E+00 .4867E+01
.5010E+03 .1130E+01 .2244E+00 .4732E+01
.5020E+03 .1129E+01 .2225E+00 .4739E+01
.5030E+03 .1182E+01 .2309E+00 .4968E+01
.5040E+03 .1098E+01 .2133E+00 .4626E+01
.5050E+03 .1182E+01 .2279E+00 .4991E+01
.5060E+03 .1231E+01 .2359E+00 .5207E+01
.5070E+03 .1179E+01 .2246E+00 .4998E+01
.5080E+03 .1152E+01 .2182E+00 .4891E+01
.5090E+03 .1209E+01 .2278E+00 .5146E+01
.5100E+03 .1180E+01 .2211E+00 .5030E+01
.5110E+03 .1204E+01 .2243E+00 .5142E+01
.5120E+03 .1238E+01 .2291E+00 .5297E+01
.5130E+03 .1164E+01 .2141E+00 .4994E+01
.5140E+03 .1141E+01 .2085E+00 .4904E+01
.5150E+03 .1176E+01 .2134E+00 .5061E+01
.5160E+03 .1188E+01 .2142E+00 .5123E+01
.5170E+03 .9690E+00 .1737E+00 .4188E+01
.5180E+03 .1109E+01 .1977E+00 .4803E+01
.5190E+03 .1076E+01 .1906E+00 .4668E+01
.5200E+03 .1176E+01 .2069E+00 .5110E+01
.5210E+03 .1185E+01 .2072E+00 .5161E+01
.5220E+03 .1213E+01 .2106E+00 .5291E+01
.5230E+03 .1144E+01 .1975E+00 .5001E+01
.5240E+03 .1231E+01 .2111E+00 .5392E+01
.5250E+03 .1222E+01 .2082E+00 .5361E+01
.5260E+03 .1188E+01 .2012E+00 .5225E+01
.5270E+03 .1040E+01 .1747E+00 .4580E+01
.5280E+03 .1190E+01 .1987E+00 .5254E+01
.5290E+03 .1246E+01 .2067E+00 .5511E+01
.5300E+03 .1199E+01 .1976E+00 .5310E+01
.5310E+03 .1265E+01 .2073E+00 .5615E+01
.5320E+03 .1243E+01 .2025E+00 .5529E+01
.5330E+03 .1111E+01 .1800E+00 .4951E+01
.5340E+03 .1192E+01 .1920E+00 .5319E+01
.5350E+03 .1211E+01 .1941E+00 .5416E+01
.5360E+03 .1264E+01 .2016E+00 .5664E+01
.5370E+03 .1171E+01 .1857E+00 .5257E+01
.5380E+03 .1231E+01 .1941E+00 .5536E+01
.5390E+03 .1202E+01 .1886E+00 .5415E+01
.5400E+03 .1161E+01 .1813E+00 .5241E+01
.5410E+03 .1116E+01 .1733E+00 .5046E+01
.5420E+03 .1215E+01 .1875E+00 .5505E+01
.5430E+03 .1197E+01 .1836E+00 .5435E+01
.5440E+03 .1239E+01 .1891E+00 .5635E+01
.5450E+03 .1212E+01 .1841E+00 .5521E+01
.5460E+03 .1200E+01 .1814E+00 .5477E+01
.5470E+03 .1217E+01 .1829E+00 .5566E+01
.5480E+03 .1184E+01 .1769E+00 .5424E+01
.5490E+03 .1222E+01 .1817E+00 .5610E+01
.5500E+03 .1214E+01 .1795E+00 .5582E+01
.5510E+03 .1214E+01 .1784E+00 .5592E+01
.5520E+03 .1240E+01 .1812E+00 .5722E+01
.5530E+03 .1205E+01 .1752E+00 .5573E+01
.5540E+03 .1230E+01 .1777E+00 .5695E+01
.5550E+03 .1237E+01 .1778E+00 .5739E+01
.5560E+03 .1216E+01 .1738E+00 .5653E+01
.5570E+03 .1187E+01 .1686E+00 .5527E+01
.5580E+03 .1213E+01 .1711E+00 .5657E+01
.5590E+03 .1148E+01 .1609E+00 .5362E+01
.5600E+03 .1169E+01 .1628E+00 .5471E+01
.5610E+03 .1237E+01 .1712E+00 .5802E+01
.5620E+03 .1178E+01 .1620E+00 .5535E+01
.5630E+03 .1223E+01 .1672E+00 .5755E+01
.5640E+03 .1199E+01 .1630E+00 .5653E+01
.5650E+03 .1207E+01 .1632E+00 .5699E+01
.5660E+03 .1141E+01 .1534E+00 .5400E+01
.5670E+03 .1216E+01 .1626E+00 .5765E+01
.5680E+03 .1204E+01 .1601E+00 .5715E+01
.5690E+03 .1170E+01 .1550E+00 .5565E+01
.5700E+03 .1172E+01 .1545E+00 .5586E+01
.5710E+03 .1136E+01 .1488E+00 .5423E+01
.5720E+03 .1197E+01 .1561E+00 .5725E+01
.5730E+03 .1203E+01 .1560E+00 .5760E+01
.5740E+03 .1196E+01 .1545E+00 .5740E+01
.5750E+03 .1169E+01 .1504E+00 .5617E+01
.5760E+03 .1159E+01 .1485E+00 .5583E+01
.5770E+03 .1190E+01 .1517E+00 .5738E+01
.5780E+03 .1155E+01 .1467E+00 .5581E+01
.5790E+03 .1175E+01 .1485E+00 .5685E+01
.5800E+03 .1198E+01 .1508E+00 .5810E+01
.5810E+03 .1207E+01 .1511E+00 .5862E+01
.5820E+03 .1229E+01 .1531E+00 .5978E+01
.5830E+03 .1244E+01 .1544E+00 .6063E+01
.5840E+03 .1243E+01 .1537E+00 .6070E+01
.5850E+03 .1235E+01 .1519E+00 .6038E+01
.5860E+03 .1205E+01 .1476E+00 .5905E+01
.5870E+03 .1231E+01 .1501E+00 .6038E+01
.5880E+03 .1196E+01 .1455E+00 .5880E+01
.5890E+03 .1020E+01 .1241E+00 .5024E+01
.5900E+03 .1088E+01 .1316E+00 .5364E+01
.5910E+03 .1171E+01 .1407E+00 .5784E+01
.5920E+03 .1143E+01 .1369E+00 .5658E+01
.5930E+03 .1166E+01 .1386E+00 .5779E+01
.5940E+03 .1159E+01 .1371E+00 .5756E+01
.5950E+03 .1141E+01 .1344E+00 .5676E+01
.5960E+03 .1186E+01 .1385E+00 .5910E+01
.5970E+03 .1188E+01 .1381E+00 .5929E+01
.5980E+03 .1178E+01 .1360E+00 .5887E+01
.5990E+03 .1180E+01 .1355E+00 .5909E+01
.6000E+03 .1195E+01 .1364E+00 .5996E+01
.6010E+03 .1184E+01 .1344E+00 .5947E+01
.6020E+03 .1166E+01 .1318E+00 .5870E+01
.6030E+03 .1192E+01 .1342E+00 .6010E+01
.6040E+03 .1214E+01 .1360E+00 .6129E+01
.6050E+03 .1213E+01 .1354E+00 .6134E+01
.6060E+03 .1209E+01 .1345E+00 .6125E+01
.6070E+03 .1219E+01 .1351E+00 .6183E+01
.6080E+03 .1216E+01 .1344E+00 .6183E+01
.6090E+03 .1209E+01 .1331E+00 .6154E+01
.6100E+03 .1205E+01 .1322E+00 .6143E+01
.6110E+03 .1200E+01 .1313E+00 .6127E+01
.6120E+03 .1218E+01 .1330E+00 .6234E+01
.6130E+03 .1202E+01 .1308E+00 .6159E+01
.6140E+03 .1167E+01 .1265E+00 .5988E+01
.6150E+03 .1211E+01 .1309E+00 .6225E+01
.6160E+03 .1180E+01 .1272E+00 .6077E+01
.6170E+03 .1166E+01 .1253E+00 .6013E+01
.6180E+03 .1211E+01 .1298E+00 .6255E+01
.6190E+03 .1217E+01 .1300E+00 .6297E+01
.6200E+03 .1217E+01 .1297E+00 .6309E+01
.6210E+03 .1221E+01 .1297E+00 .6338E+01
.6220E+03 .1172E+01 .1243E+00 .6096E+01
.6230E+03 .1159E+01 .1227E+00 .6038E+01
.6240E+03 .1159E+01 .1221E+00 .6044E+01
.6250E+03 .1155E+01 .1212E+00 .6034E+01
.6260E+03 .1155E+01 .1209E+00 .6042E+01
.6270E+03 .1186E+01 .1239E+00 .6218E+01
.6280E+03 .1095E+01 .1149E+00 .5750E+01
.6290E+03 .1153E+01 .1199E+00 .6065E+01
.6300E+03 .1138E+01 .1180E+00 .5993E+01
.6310E+03 .1168E+01 .1203E+00 .6159E+01
.6320E+03 .1127E+01 .1158E+00 .5955E+01
.6330E+03 .1204E+01 .1232E+00 .6373E+01
.6340E+03 .1189E+01 .1212E+00 .6303E+01
.6350E+03 .1206E+01 .1225E+00 .6400E+01
.6360E+03 .1180E+01 .1195E+00 .6273E+01
.6370E+03 .1221E+01 .1233E+00 .6504E+01
.6380E+03 .1232E+01 .1240E+00 .6570E+01
.6390E+03 .1229E+01 .1233E+00 .6563E+01
.6400E+03 .1205E+01 .1205E+00 .6447E+01
.6410E+03 .1207E+01 .1203E+00 .6468E+01
.6420E+03 .1211E+01 .1204E+00 .6499E+01
.6430E+03 .1224E+01 .1213E+00 .6578E+01
.6440E+03 .1220E+01 .1206E+00 .6567E+01
.6450E+03 .1229E+01 .1211E+00 .6624E+01
.6460E+03 .1191E+01 .1171E+00 .6429E+01
.6470E+03 .1178E+01 .1158E+00 .6371E+01
.6480E+03 .1167E+01 .1143E+00 .6320E+01
.6490E+03 .1130E+01 .1104E+00 .6132E+01
.6500E+03 .1146E+01 .1114E+00 .6229E+01
.6510E+03 .1221E+01 .1182E+00 .6643E+01
.6520E+03 .1162E+01 .1124E+00 .6333E+01
.6530E+03 .1210E+01 .1165E+00 .6605E+01
.6540E+03 .1198E+01 .1149E+00 .6548E+01
.6550E+03 .1137E+01 .1089E+00 .6228E+01
.6560E+03 .1002E+01 .9562E-01 .5495E+01
.6570E+03 .1048E+01 .9976E-01 .5757E+01
.6580E+03 .1175E+01 .1114E+00 .6461E+01
.6590E+03 .1179E+01 .1116E+00 .6495E+01
.6600E+03 .1184E+01 .1118E+00 .6535E+01
.6610E+03 .1175E+01 .1107E+00 .6492E+01
.6620E+03 .1160E+01 .1092E+00 .6417E+01
.6630E+03 .1165E+01 .1093E+00 .6457E+01
.6640E+03 .1183E+01 .1105E+00 .6566E+01
.6650E+03 .1209E+01 .1125E+00 .6721E+01
.6660E+03 .1212E+01 .1123E+00 .6746E+01
.6670E+03 .1206E+01 .1114E+00 .6725E+01
.6680E+03 .1212E+01 .1117E+00 .6769E+01
.6690E+03 .1235E+01 .1134E+00 .6904E+01
.6700E+03 .1219E+01 .1115E+00 .6825E+01
.6710E+03 .1217E+01 .1111E+00 .6827E+01
.6720E+03 .1201E+01 .1094E+00 .6745E+01
.6730E+03 .1212E+01 .1102E+00 .6818E+01
.6740E+03 .1211E+01 .1097E+00 .6822E+01
.6750E+03 .1202E+01 .1086E+00 .6781E+01
.6760E+03 .1216E+01 .1096E+00 .6873E+01
.6770E+03 .1206E+01 .1083E+00 .6823E+01
.6780E+03 .1212E+01 .1087E+00 .6871E+01
.6790E+03 .1203E+01 .1075E+00 .6826E+01
.6800E+03 .1205E+01 .1074E+00 .6850E+01
.6810E+03 .1201E+01 .1067E+00 .6837E+01
.6820E+03 .1207E+01 .1070E+00 .6882E+01
.6830E+03 .1195E+01 .1055E+00 .6821E+01
.6840E+03 .1187E+01 .1046E+00 .6788E+01
.6850E+03 .1189E+01 .1044E+00 .6807E+01
.6860E+03 .1162E+01 .1017E+00 .6662E+01
.6870E+03 .7174E+00 .6605E-01 .4120E+01
.6880E+03 .8842E+00 .7936E-01 .5085E+01
.6890E+03 .8920E+00 .7976E-01 .5137E+01
.6900E+03 .9541E+00 .8448E-01 .5503E+01
.6910E+03 .1017E+01 .8920E-01 .5876E+01
.6920E+03 .1064E+01 .9260E-01 .6157E+01
.6930E+03 .1056E+01 .9167E-01 .6120E+01
.6940E+03 .1045E+01 .9028E-01 .6063E+01
.6950E+03 .1081E+01 .9273E-01 .6280E+01
.6960E+03 .1079E+01 .9228E-01 .6280E+01
.6970E+03 .1158E+01 .9849E-01 .6746E+01
.6980E+03 .1139E+01 .9667E-01 .6648E+01
.6990E+03 .1104E+01 .9364E-01 .6454E+01
.7000E+03 .1096E+01 .9267E-01 .6413E+01
.7010E+03 .1079E+01 .9108E-01 .6320E+01
.7020E+03 .1084E+01 .9122E-01 .6362E+01
.7030E+03 .1091E+01 .9147E-01 .6411E+01
.7040E+03 .1127E+01 .9404E-01 .6630E+01
.7050E+03 .1139E+01 .9475E-01 .6711E+01
.7060E+03 .1136E+01 .9418E-01 .6703E+01
.7070E+03 .1132E+01 .9360E-01 .6692E+01
.7080E+03 .1129E+01 .9303E-01 .6680E+01
.7090E+03 .1138E+01 .9336E-01 .6742E+01
.7100E+03 .1142E+01 .9352E-01 .6781E+01
.7110E+03 .1142E+01 .9329E-01 .6790E+01
.7120E+03 .1137E+01 .9262E-01 .6768E+01
.7130E+03 .1122E+01 .9116E-01 .6688E+01
.7140E+03 .1133E+01 .9168E-01 .6762E+01
.7150E+03 .1090E+01 .8804E-01 .6517E+01
.7160E+03 .1101E+01 .8865E-01 .6587E+01
.7170E+03 .9143E+00 .7427E-01 .5480E+01
.7180E+03 .8457E+00 .6833E-01 .5076E+01
.7190E+03 .7552E+00 .6064E-01 .4539E+01
.7200E+03 .8024E+00 .6460E-01 .4829E+01
.7210E+03 .9104E+00 .7263E-01 .5487E+01
.7220E+03 .1068E+01 .8482E-01 .6446E+01
.7230E+03 .9715E+00 .7694E-01 .5872E+01
.7240E+03 .8796E+00 .6958E-01 .5324E+01
.7250E+03 .8591E+00 .6796E-01 .5207E+01
.7260E+03 .8971E+00 .7096E-01 .5445E+01
.7270E+03 .9117E+00 .7145E-01 .5540E+01
.7280E+03 .8594E+00 .6752E-01 .5230E+01
.7290E+03 .8802E+00 .6863E-01 .5364E+01
.7300E+03 .9491E+00 .7407E-01 .5792E+01
.7310E+03 .8950E+00 .6960E-01 .5469E+01
.7320E+03 .9817E+00 .7588E-01 .6007E+01
.7330E+03 .1034E+01 .7948E-01 .6335E+01
.7340E+03 .1073E+01 .8214E-01 .6584E+01
.7350E+03 .1056E+01 .8062E-01 .6486E+01
.7360E+03 .1046E+01 .7967E-01 .6434E+01
.7370E+03 .1044E+01 .7928E-01 .6432E+01
.7380E+03 .1075E+01 .8118E-01 .6632E+01
.7390E+03 .1043E+01 .7852E-01 .6445E+01
.7400E+03 .1073E+01 .8041E-01 .6635E+01
.7410E+03 .1071E+01 .7999E-01 .6633E+01
.7420E+03 .1074E+01 .7991E-01 .6659E+01
.7430E+03 .1097E+01 .8135E-01 .6813E+01
.7440E+03 .1107E+01 .8180E-01 .6887E+01
.7450E+03 .1108E+01 .8159E-01 .6902E+01
.7460E+03 .1106E+01 .8120E-01 .6898E+01
.7470E+03 .1107E+01 .8104E-01 .6915E+01
.7480E+03 .1101E+01 .8032E-01 .6885E+01
.7490E+03 .1098E+01 .7982E-01 .6874E+01
.7500E+03 .1097E+01 .7953E-01 .6876E+01
.7510E+03 .1092E+01 .7901E-01 .6857E+01
.7520E+03 .1097E+01 .7912E-01 .6893E+01
.7530E+03 .1091E+01 .7851E-01 .6870E+01
.7540E+03 .1105E+01 .7929E-01 .6968E+01
.7550E+03 .1102E+01 .7887E-01 .6958E+01
.7560E+03 .1089E+01 .7773E-01 .6885E+01
.7570E+03 .1089E+01 .7747E-01 .6889E+01
.7580E+03 .1095E+01 .7773E-01 .6941E+01
.7590E+03 .1058E+01 .7498E-01 .6712E+01
.7600E+03 .1201E+00 .1137E-01 .7627E+00
.7610E+03 .5432E-01 .5895E-02 .3456E+00
.7620E+03 .4789E+00 .3657E-01 .3051E+01
.7630E+03 .2018E+00 .1738E-01 .1287E+01
.7640E+03 .3353E+00 .2671E-01 .2142E+01
.7650E+03 .4778E+00 .3616E-01 .3056E+01
.7660E+03 .6226E+00 .4533E-01 .3987E+01
.7670E+03 .8022E+00 .5676E-01 .5143E+01
.7680E+03 .9659E+00 .6706E-01 .6201E+01
.7690E+03 .9895E+00 .6827E-01 .6361E+01
.7700E+03 .1031E+01 .7071E-01 .6639E+01
.7710E+03 .1044E+01 .7128E-01 .6730E+01
.7720E+03 .1055E+01 .7173E-01 .6806E+01
.7730E+03 .1055E+01 .7148E-01 .6816E+01
.7740E+03 .1056E+01 .7128E-01 .6830E+01
.7750E+03 .1056E+01 .7109E-01 .6842E+01
.7760E+03 .1059E+01 .7106E-01 .6869E+01
.7770E+03 .1053E+01 .7043E-01 .6840E+01
.7780E+03 .1052E+01 .7013E-01 .6842E+01
.7790E+03 .1057E+01 .7023E-01 .6884E+01
.7800E+03 .1046E+01 .6929E-01 .6820E+01
.7810E+03 .1044E+01 .6896E-01 .6814E+01
.7820E+03 .1049E+01 .6913E-01 .6858E+01
.7830E+03 .1045E+01 .6870E-01 .6841E+01
.7840E+03 .1039E+01 .6809E-01 .6807E+01
.7850E+03 .1043E+01 .6821E-01 .6844E+01
.7860E+03 .1043E+01 .6808E-01 .6855E+01
.7870E+03 .1026E+01 .6684E-01 .6747E+01
.7880E+03 .1010E+01 .6572E-01 .6655E+01
.7890E+03 .1006E+01 .6523E-01 .6634E+01
.7900E+03 .9677E+00 .6270E-01 .6391E+01
.7910E+03 .9883E+00 .6375E-01 .6535E+01
.7920E+03 .9802E+00 .6302E-01 .6490E+01
.7930E+03 .9728E+00 .6237E-01 .6449E+01
.7940E+03 .9895E+00 .6318E-01 .6568E+01
.7950E+03 .9841E+00 .6270E-01 .6540E+01
.7960E+03 .9571E+00 .6095E-01 .6368E+01
.7970E+03 .9720E+00 .6177E-01 .6476E+01
.7980E+03 .1001E+01 .6328E-01 .6676E+01
.7990E+03 .9796E+00 .6180E-01 .6543E+01
.8000E+03 .9613E+00 .6049E-01 .6429E+01
.8010E+03 .9699E+00 .6090E-01 .6494E+01
.8020E+03 .9713E+00 .6082E-01 .6512E+01
.8030E+03 .9525E+00 .5950E-01 .6393E+01
.8040E+03 .9651E+00 .6010E-01 .6486E+01
.8050E+03 .9471E+00 .5876E-01 .6373E+01
.8060E+03 .9909E+00 .6123E-01 .6676E+01
.8070E+03 .9796E+00 .6036E-01 .6609E+01
.8080E+03 .9769E+00 .6002E-01 .6599E+01
.8090E+03 .9487E+00 .5817E-01 .6416E+01
.8100E+03 .9474E+00 .5793E-01 .6415E+01
.8110E+03 .9398E+00 .5743E-01 .6372E+01
.8120E+03 .9099E+00 .5550E-01 .6176E+01
.8130E+03 .8890E+00 .5408E-01 .6042E+01
.8140E+03 .7740E+00 .4711E-01 .5267E+01
.8150E+03 .7686E+00 .4659E-01 .5236E+01
.8160E+03 .7128E+00 .4288E-01 .4862E+01
.8170E+03 .7322E+00 .4394E-01 .5001E+01
.8180E+03 .7020E+00 .4212E-01 .4800E+01
.8190E+03 .7917E+00 .4728E-01 .5420E+01
.8200E+03 .7466E+00 .4449E-01 .5118E+01
.8210E+03 .8914E+00 .5292E-01 .6117E+01
.8220E+03 .8459E+00 .5009E-01 .5812E+01
.8230E+03 .5560E+00 .3298E-01 .3825E+01
.8240E+03 .8218E+00 .4858E-01 .5661E+01
.8250E+03 .8660E+00 .5084E-01 .5973E+01
.8260E+03 .8269E+00 .4847E-01 .5710E+01
.8270E+03 .8799E+00 .5147E-01 .6083E+01
.8280E+03 .7346E+00 .4299E-01 .5084E+01
.8290E+03 .8245E+00 .4796E-01 .5714E+01
.8300E+03 .8104E+00 .4705E-01 .5623E+01
.8310E+03 .8182E+00 .4740E-01 .5684E+01
.8320E+03 .7876E+00 .4551E-01 .5478E+01
.8330E+03 .8542E+00 .4933E-01 .5948E+01
.8340E+03 .8257E+00 .4763E-01 .5757E+01
.8350E+03 .9058E+00 .5196E-01 .6323E+01
.8360E+03 .8660E+00 .4967E-01 .6052E+01
.8370E+03 .9123E+00 .5206E-01 .6383E+01
.8380E+03 .8976E+00 .5118E-01 .6288E+01
.8390E+03 .9069E+00 .5146E-01 .6360E+01
.8400E+03 .9216E+00 .5214E-01 .6471E+01
.8410E+03 .9142E+00 .5162E-01 .6427E+01
.8420E+03 .9064E+00 .5098E-01 .6379E+01
.8430E+03 .9180E+00 .5144E-01 .6469E+01
.8440E+03 .8987E+00 .5025E-01 .6341E+01
.8450E+03 .9293E+00 .5178E-01 .6564E+01
.8460E+03 .9322E+00 .5179E-01 .6592E+01
.8470E+03 .9088E+00 .5034E-01 .6435E+01
.8480E+03 .9077E+00 .5017E-01 .6435E+01
.8490E+03 .9022E+00 .4972E-01 .6403E+01
.8500E+03 .8182E+00 .4496E-01 .5814E+01
.8510E+03 .8909E+00 .4883E-01 .6338E+01
.8520E+03 .8869E+00 .4844E-01 .6316E+01
.8530E+03 .8845E+00 .4815E-01 .6307E+01
.8540E+03 .7791E+00 .4232E-01 .5562E+01
.8550E+03 .8378E+00 .4538E-01 .5988E+01
.8560E+03 .8924E+00 .4823E-01 .6385E+01
.8570E+03 .9106E+00 .4910E-01 .6524E+01
.8580E+03 .9105E+00 .4900E-01 .6530E+01
.8590E+03 .9113E+00 .4891E-01 .6543E+01
.8600E+03 .9087E+00 .4865E-01 .6533E+01
.8610E+03 .9075E+00 .4847E-01 .6532E+01
.8620E+03 .9150E+00 .4878E-01 .6593E+01
.8630E+03 .9207E+00 .4898E-01 .6642E+01
.8640E+03 .9013E+00 .4784E-01 .6509E+01
.8650E+03 .8869E+00 .4697E-01 .6413E+01
.8660E+03 .7819E+00 .4132E-01 .5660E+01
.8670E+03 .8433E+00 .4446E-01 .6112E+01
.8680E+03 .8838E+00 .4649E-01 .6413E+01
.8690E+03 .8752E+00 .4593E-01 .6357E+01
.8700E+03 .8920E+00 .4670E-01 .6487E+01
.8710E+03 .8795E+00 .4594E-01 .6404E+01
.8720E+03 .8917E+00 .4646E-01 .6500E+01
.8730E+03 .8830E+00 .4590E-01 .6444E+01
.8740E+03 .8678E+00 .4499E-01 .6340E+01
.8750E+03 .8554E+00 .4423E-01 .6257E+01
.8760E+03 .8793E+00 .4536E-01 .6439E+01
.8770E+03 .8828E+00 .4542E-01 .6472E+01
.8780E+03 .8791E+00 .4513E-01 .6452E+01
.8790E+03 .8648E+00 .4428E-01 .6354E+01
.8800E+03 .8677E+00 .4432E-01 .6383E+01
.8810E+03 .8384E+00 .4274E-01 .6175E+01
.8820E+03 .8602E+00 .4375E-01 .6342E+01
.8830E+03 .8583E+00 .4354E-01 .6335E+01
.8840E+03 .8616E+00 .4360E-01 .6367E+01
.8850E+03 .8721E+00 .4401E-01 .6452E+01
.8860E+03 .8352E+00 .4209E-01 .6186E+01
.8870E+03 .8406E+00 .4223E-01 .6233E+01
.8880E+03 .8500E+00 .4262E-01 .6310E+01
.8890E+03 .8642E+00 .4320E-01 .6422E+01
.8900E+03 .8513E+00 .4248E-01 .6333E+01
.8910E+03 .8549E+00 .4254E-01 .6367E+01
.8920E+03 .8349E+00 .4152E-01 .6225E+01
.8930E+03 .7980E+00 .3961E-01 .5957E+01
.8940E+03 .7668E+00 .3806E-01 .5730E+01
.8950E+03 .7210E+00 .3581E-01 .5394E+01
.8960E+03 .6727E+00 .3318E-01 .5039E+01
.8970E+03 .5721E+00 .2818E-01 .4290E+01
.8980E+03 .6252E+00 .3075E-01 .4693E+01
.8990E+03 .4606E+00 .2251E-01 .3461E+01
.9000E+03 .6568E+00 .3206E-01 .4941E+01
.9010E+03 .5029E+00 .2470E-01 .3788E+01
.9020E+03 .5866E+00 .2850E-01 .4423E+01
.9030E+03 .5947E+00 .2898E-01 .4489E+01
.9040E+03 .7632E+00 .3700E-01 .5768E+01
.9050E+03 .7337E+00 .3549E-01 .5550E+01
.9060E+03 .6925E+00 .3338E-01 .5245E+01
.9070E+03 .5465E+00 .2636E-01 .4144E+01
.9080E+03 .5620E+00 .2703E-01 .4265E+01
.9090E+03 .6175E+00 .2965E-01 .4692E+01
.9100E+03 .5284E+00 .2547E-01 .4020E+01
.9110E+03 .5767E+00 .2756E-01 .4392E+01
.9120E+03 .5993E+00 .2863E-01 .4569E+01
.9130E+03 .5296E+00 .2538E-01 .4042E+01
.9140E+03 .5328E+00 .2538E-01 .4071E+01
.9150E+03 .5759E+00 .2761E-01 .4405E+01
.9160E+03 .4865E+00 .2300E-01 .3725E+01
.9170E+03 .6353E+00 .3018E-01 .4870E+01
.9180E+03 .4991E+00 .2360E-01 .3830E+01
.9190E+03 .6484E+00 .3054E-01 .4981E+01
.9200E+03 .6666E+00 .3107E-01 .5127E+01
.9210E+03 .6996E+00 .3275E-01 .5386E+01
.9220E+03 .6129E+00 .2867E-01 .4724E+01
.9230E+03 .6690E+00 .3114E-01 .5162E+01
.9240E+03 .6295E+00 .2944E-01 .4862E+01
.9250E+03 .6213E+00 .2890E-01 .4804E+01
.9260E+03 .6129E+00 .2856E-01 .4744E+01
.9270E+03 .7002E+00 .3248E-01 .5426E+01
.9280E+03 .4818E+00 .2260E-01 .3738E+01
.9290E+03 .4377E+00 .2062E-01 .3399E+01
.9300E+03 .3304E+00 .1565E-01 .2569E+01
.9310E+03 .3151E+00 .1479E-01 .2452E+01
.9320E+03 .2147E+00 .1029E-01 .1673E+01
.9330E+03 .1691E+00 .8212E-02 .1319E+01
.9340E+03 .8084E-01 .4288E-02 .6312E+00
.9350E+03 .1775E+00 .8411E-02 .1388E+01
.9360E+03 .1033E+00 .5069E-02 .8080E+00
.9370E+03 .1035E+00 .5095E-02 .8105E+00
.9380E+03 .1311E+00 .6379E-02 .1028E+01
.9390E+03 .3072E+00 .1415E-01 .2412E+01
.9400E+03 .3754E+00 .1719E-01 .2950E+01
.9410E+03 .2794E+00 .1295E-01 .2198E+01
.9420E+03 .3138E+00 .1439E-01 .2471E+01
.9430E+03 .2032E+00 .9347E-02 .1602E+01
.9440E+03 .2205E+00 .9834E-02 .1740E+01
.9450E+03 .2800E+00 .1276E-01 .2212E+01
.9460E+03 .1315E+00 .6163E-02 .1040E+01
.9470E+03 .2778E+00 .1272E-01 .2200E+01
.9480E+03 .2035E+00 .9160E-02 .1613E+01
.9490E+03 .3857E+00 .1757E-01 .3060E+01
.9500E+03 .9049E-01 .4386E-02 .7186E+00
.9510E+03 .3808E+00 .1720E-01 .3028E+01
.9520E+03 .1903E+00 .8722E-02 .1515E+01
.9530E+03 .2572E+00 .1158E-01 .2049E+01
.9540E+03 .3336E+00 .1483E-01 .2660E+01
.9550E+03 .2570E+00 .1153E-01 .2052E+01
.9560E+03 .2583E+00 .1120E-01 .2064E+01
.9570E+03 .1898E+00 .8663E-02 .1519E+01
.9580E+03 .3837E+00 .1651E-01 .3073E+01
.9590E+03 .2925E+00 .1277E-01 .2345E+01
.9600E+03 .3291E+00 .1447E-01 .2641E+01
.9610E+03 .3751E+00 .1625E-01 .3014E+01
.9620E+03 .3580E+00 .1544E-01 .2879E+01
.9630E+03 .4218E+00 .1808E-01 .3395E+01
.9640E+03 .3793E+00 .1619E-01 .3056E+01
.9650E+03 .4217E+00 .1799E-01 .3402E+01
.9660E+03 .4180E+00 .1786E-01 .3375E+01
.9670E+03 .4164E+00 .1777E-01 .3366E+01
.9680E+03 .5861E+00 .2455E-01 .4742E+01
.9690E+03 .6107E+00 .2578E-01 .4947E+01
.9700E+03 .5602E+00 .2351E-01 .4542E+01
.9710E+03 .6504E+00 .2717E-01 .5279E+01
.9720E+03 .6226E+00 .2591E-01 .5059E+01
.9730E+03 .5284E+00 .2210E-01 .4297E+01
.9740E+03 .4979E+00 .2075E-01 .4054E+01
.9750E+03 .5194E+00 .2149E-01 .4234E+01
.9760E+03 .4922E+00 .2048E-01 .4015E+01
.9770E+03 .5719E+00 .2354E-01 .4671E+01
.9780E+03 .5414E+00 .2233E-01 .4426E+01
.9790E+03 .5680E+00 .2337E-01 .4648E+01
.9800E+03 .5347E+00 .2188E-01 .4381E+01
.9810E+03 .6511E+00 .2661E-01 .5339E+01
.9820E+03 .6259E+00 .2555E-01 .5138E+01
.9830E+03 .5976E+00 .2438E-01 .4911E+01
.9840E+03 .6822E+00 .2764E-01 .5611E+01
.9850E+03 .6202E+00 .2520E-01 .5107E+01
.9860E+03 .7007E+00 .2822E-01 .5775E+01
.9870E+03 .6836E+00 .2755E-01 .5640E+01
.9880E+03 .6797E+00 .2732E-01 .5614E+01
.9890E+03 .7028E+00 .2809E-01 .5810E+01
.9900E+03 .6776E+00 .2713E-01 .5608E+01
.9910E+03 .7066E+00 .2809E-01 .5854E+01
.9920E+03 .7049E+00 .2797E-01 .5846E+01
.9930E+03 .6859E+00 .2723E-01 .5693E+01
.9940E+03 .7086E+00 .2800E-01 .5888E+01
.9950E+03 .7074E+00 .2789E-01 .5884E+01
.9960E+03 .7038E+00 .2770E-01 .5860E+01
.9970E+03 .6958E+00 .2733E-01 .5799E+01
.9980E+03 .6947E+00 .2724E-01 .5796E+01
.9990E+03 .6948E+00 .2718E-01 .5802E+01
.1000E+04 .6904E+00 .2697E-01 .5771E+01
.1001E+04 .7006E+00 .2730E-01 .5862E+01
.1002E+04 .6793E+00 .2647E-01 .5690E+01
.1003E+04 .6910E+00 .2682E-01 .5794E+01
.1004E+04 .6791E+00 .2631E-01 .5700E+01
.1005E+04 .6423E+00 .2482E-01 .5396E+01
.1006E+04 .6703E+00 .2585E-01 .5637E+01
.1007E+04 .6851E+00 .2636E-01 .5767E+01
.1008E+04 .6834E+00 .2625E-01 .5759E+01
.1009E+04 .6756E+00 .2591E-01 .5699E+01
.1010E+04 .6745E+00 .2582E-01 .5695E+01
.1011E+04 .6811E+00 .2599E-01 .5756E+01
.1012E+04 .6763E+00 .2576E-01 .5721E+01
.1013E+04 .6767E+00 .2571E-01 .5730E+01
.1014E+04 .6797E+00 .2578E-01 .5761E+01
.1015E+04 .6678E+00 .2527E-01 .5666E+01
.1016E+04 .6707E+00 .2533E-01 .5696E+01
.1017E+04 .6631E+00 .2499E-01 .5637E+01
.1018E+04 .6741E+00 .2535E-01 .5737E+01
.1019E+04 .6480E+00 .2433E-01 .5520E+01
.1020E+04 .6596E+00 .2469E-01 .5624E+01
.1021E+04 .6627E+00 .2476E-01 .5656E+01
.1022E+04 .6506E+00 .2426E-01 .5558E+01
.1023E+04 .6556E+00 .2440E-01 .5606E+01
.1024E+04 .6491E+00 .2413E-01 .5556E+01
.1025E+04 .6588E+00 .2441E-01 .5645E+01
.1026E+04 .6572E+00 .2431E-01 .5637E+01
.1027E+04 .6543E+00 .2415E-01 .5617E+01
.1028E+04 .6549E+00 .2413E-01 .5628E+01
.1029E+04 .6476E+00 .2381E-01 .5571E+01
.1030E+04 .6526E+00 .2394E-01 .5619E+01
.1031E+04 .6493E+00 .2377E-01 .5596E+01
.1032E+04 .6501E+00 .2375E-01 .5609E+01
.1033E+04 .6391E+00 .2329E-01 .5519E+01
.1034E+04 .6431E+00 .2339E-01 .5558E+01
.1035E+04 .6452E+00 .2342E-01 .5583E+01
.1036E+04 .6447E+00 .2335E-01 .5584E+01
.1037E+04 .6381E+00 .2306E-01 .5532E+01
.1038E+04 .6351E+00 .2291E-01 .5511E+01
.1039E+04 .6394E+00 .2302E-01 .5554E+01
.1040E+04 .6350E+00 .2282E-01 .5521E+01
.1041E+04 .6350E+00 .2277E-01 .5526E+01
.1042E+04 .6353E+00 .2273E-01 .5534E+01
.1043E+04 .6289E+00 .2246E-01 .5483E+01
.1044E+04 .6317E+00 .2252E-01 .5513E+01
.1045E+04 .6281E+00 .2234E-01 .5486E+01
.1046E+04 .6116E+00 .2171E-01 .5348E+01
.1047E+04 .6207E+00 .2199E-01 .5433E+01
.1048E+04 .6261E+00 .2214E-01 .5485E+01
.1049E+04 .6222E+00 .2197E-01 .5456E+01
.1050E+04 .6179E+00 .2177E-01 .5424E+01
.1051E+04 .6185E+00 .2175E-01 .5434E+01
.1052E+04 .6145E+00 .2157E-01 .5404E+01
.1053E+04 .6124E+00 .2146E-01 .5391E+01
.1054E+04 .6097E+00 .2132E-01 .5372E+01
.1055E+04 .6113E+00 .2134E-01 .5391E+01
.1056E+04 .6091E+00 .2122E-01 .5377E+01
.1057E+04 .6074E+00 .2112E-01 .5367E+01
.1058E+04 .6009E+00 .2086E-01 .5314E+01
.1059E+04 .5823E+00 .2018E-01 .5154E+01
.1060E+04 .5982E+00 .2070E-01 .5301E+01
.1061E+04 .5843E+00 .2018E-01 .5182E+01
.1062E+04 .5948E+00 .2050E-01 .5280E+01
.1063E+04 .5849E+00 .2012E-01 .5197E+01
.1064E+04 .5940E+00 .2040E-01 .5284E+01
.1065E+04 .5906E+00 .2024E-01 .5258E+01
.1066E+04 .5801E+00 .1983E-01 .5169E+01
.1067E+04 .5829E+00 .1989E-01 .5199E+01
.1068E+04 .5816E+00 .1981E-01 .5192E+01
.1069E+04 .5510E+00 .1872E-01 .4924E+01
.1070E+04 .5678E+00 .1925E-01 .5078E+01
.1071E+04 .5811E+00 .1965E-01 .5202E+01
.1072E+04 .5784E+00 .1953E-01 .5183E+01
.1073E+04 .5677E+00 .1913E-01 .5092E+01
.1074E+04 .5870E+00 .1972E-01 .5270E+01
.1075E+04 .5533E+00 .1860E-01 .4972E+01
.1076E+04 .5803E+00 .1941E-01 .5220E+01
.1077E+04 .5671E+00 .1895E-01 .5106E+01
.1078E+04 .5646E+00 .1885E-01 .5088E+01
.1079E+04 .5721E+00 .1901E-01 .5160E+01
.1080E+04 .5608E+00 .1860E-01 .5063E+01
.1081E+04 .5423E+00 .1800E-01 .4901E+01
.1082E+04 .5556E+00 .1837E-01 .5026E+01
.1083E+04 .5653E+00 .1863E-01 .5118E+01
.1084E+04 .5387E+00 .1776E-01 .4881E+01
.1085E+04 .5579E+00 .1833E-01 .5060E+01
.1086E+04 .5122E+00 .1680E-01 .4650E+01
.1087E+04 .5303E+00 .1738E-01 .4819E+01
.1088E+04 .5599E+00 .1827E-01 .5092E+01
.1089E+04 .5408E+00 .1765E-01 .4923E+01
.1090E+04 .5155E+00 .1678E-01 .4697E+01
.1091E+04 .5540E+00 .1797E-01 .5052E+01
.1092E+04 .5486E+00 .1775E-01 .5008E+01
.1093E+04 .4647E+00 .1507E-01 .4246E+01
.1094E+04 .5073E+00 .1636E-01 .4639E+01
.1095E+04 .4756E+00 .1540E-01 .4353E+01
.1096E+04 .4550E+00 .1472E-01 .4169E+01
.1097E+04 .5465E+00 .1751E-01 .5011E+01
.1098E+04 .4533E+00 .1463E-01 .4161E+01
.1099E+04 .4597E+00 .1480E-01 .4223E+01
.1100E+04 .4327E+00 .1390E-01 .3979E+01
.1101E+04 .4451E+00 .1427E-01 .4096E+01
.1102E+04 .4152E+00 .1332E-01 .3824E+01
.1103E+04 .4098E+00 .1314E-01 .3779E+01
.1104E+04 .4107E+00 .1314E-01 .3791E+01
.1105E+04 .4575E+00 .1455E-01 .4226E+01
.1106E+04 .3302E+00 .1067E-01 .3052E+01
.1107E+04 .4300E+00 .1364E-01 .3979E+01
.1108E+04 .3526E+00 .1126E-01 .3265E+01
.1109E+04 .3553E+00 .1127E-01 .3293E+01
.1110E+04 .4250E+00 .1343E-01 .3943E+01
.1111E+04 .2725E+00 .8660E-02 .2531E+01
.1112E+04 .3573E+00 .1125E-01 .3321E+01
.1113E+04 .2100E+00 .6719E-02 .1953E+01
.1114E+04 .2363E+00 .7574E-02 .2200E+01
.1115E+04 .1960E+00 .6210E-02 .1827E+01
.1116E+04 .1454E+00 .4749E-02 .1357E+01
.1117E+04 .4493E-01 .1622E-02 .4195E+00
.1118E+04 .1610E+00 .5198E-02 .1505E+01
.1119E+04 .7317E-01 .2463E-02 .6844E+00
.1120E+04 .9077E-01 .3105E-02 .8498E+00
.1121E+04 .1249E+00 .4201E-02 .1170E+01
.1122E+04 .4622E-01 .1661E-02 .4335E+00
.1123E+04 .8248E-01 .2780E-02 .7743E+00
.1124E+04 .6983E-01 .2336E-02 .6561E+00
.1125E+04 .9526E-01 .3168E-02 .8958E+00
.1126E+04 .2578E-01 .9811E-03 .2427E+00
.1127E+04 .1046E+00 .3468E-02 .9855E+00
.1128E+04 .5657E-01 .2011E-02 .5335E+00
.1129E+04 .6156E-01 .2166E-02 .5810E+00
.1130E+04 .3807E-01 .1374E-02 .3596E+00
.1131E+04 .2202E+00 .7057E-02 .2082E+01
.1132E+04 .1699E+00 .5425E-02 .1607E+01
.1133E+04 .9812E-01 .3287E-02 .9293E+00
.1134E+04 .2017E-01 .7655E-03 .1912E+00
.1135E+04 .7851E-02 .2824E-03 .7449E-01
.1136E+04 .7802E-01 .2663E-02 .7409E+00
.1137E+04 .2100E+00 .6732E-02 .1996E+01
.1138E+04 .1460E+00 .4609E-02 .1389E+01
.1139E+04 .2407E+00 .7294E-02 .2292E+01
.1140E+04 .1960E+00 .6025E-02 .1867E+01
.1141E+04 .1392E+00 .4350E-02 .1328E+01
.1142E+04 .1670E+00 .5159E-02 .1594E+01
.1143E+04 .2426E+00 .7463E-02 .2318E+01
.1144E+04 .7571E-01 .2386E-02 .7241E+00
.1145E+04 .9379E-01 .3061E-02 .8977E+00
.1146E+04 .1011E+00 .3307E-02 .9683E+00
.1147E+04 .2937E-01 .1082E-02 .2817E+00
.1148E+04 .2104E+00 .6357E-02 .2019E+01
.1149E+04 .1618E+00 .4935E-02 .1554E+01
.1150E+04 .8294E-01 .2555E-02 .7973E+00
.1151E+04 .1462E+00 .4499E-02 .1407E+01
.1152E+04 .1871E+00 .5662E-02 .1802E+01
.1153E+04 .1872E+00 .5518E-02 .1805E+01
.1154E+04 .9078E-01 .2915E-02 .8757E+00
.1155E+04 .2524E+00 .7452E-02 .2437E+01
.1156E+04 .2211E+00 .6552E-02 .2137E+01
.1157E+04 .2568E+00 .7500E-02 .2484E+01
.1158E+04 .2544E+00 .7414E-02 .2463E+01
.1159E+04 .2817E+00 .8156E-02 .2729E+01
.1160E+04 .2326E+00 .6734E-02 .2256E+01
.1161E+04 .2973E+00 .8510E-02 .2886E+01
.1162E+04 .2983E+00 .8523E-02 .2897E+01
.1163E+04 .4252E+00 .1205E-01 .4134E+01
.1164E+04 .3556E+00 .1006E-01 .3460E+01
.1165E+04 .3321E+00 .9469E-02 .3234E+01
.1166E+04 .3296E+00 .9267E-02 .3213E+01
.1167E+04 .3652E+00 .1025E-01 .3563E+01
.1168E+04 .3703E+00 .1042E-01 .3615E+01
.1169E+04 .3767E+00 .1058E-01 .3681E+01
.1170E+04 .4172E+00 .1164E-01 .4080E+01
.1171E+04 .4067E+00 .1131E-01 .3981E+01
.1172E+04 .4186E+00 .1156E-01 .4102E+01
.1173E+04 .4154E+00 .1152E-01 .4073E+01
.1174E+04 .2850E+00 .7936E-02 .2797E+01
.1175E+04 .4158E+00 .1143E-01 .4084E+01
.1176E+04 .4496E+00 .1228E-01 .4420E+01
.1177E+04 .4375E+00 .1198E-01 .4305E+01
.1178E+04 .3187E+00 .8695E-02 .3138E+01
.1179E+04 .4566E+00 .1241E-01 .4500E+01
.1180E+04 .4042E+00 .1100E-01 .3987E+01
.1181E+04 .4177E+00 .1137E-01 .4124E+01
.1182E+04 .2802E+00 .7598E-02 .2769E+01
.1183E+04 .4056E+00 .1099E-01 .4011E+01
.1184E+04 .3828E+00 .1034E-01 .3789E+01
.1185E+04 .3664E+00 .9906E-02 .3629E+01
.1186E+04 .4457E+00 .1199E-01 .4419E+01
.1187E+04 .4207E+00 .1131E-01 .4174E+01
.1188E+04 .2883E+00 .7798E-02 .2863E+01
.1189E+04 .3828E+00 .1024E-01 .3804E+01
.1190E+04 .4328E+00 .1153E-01 .4306E+01
.1191E+04 .4082E+00 .1093E-01 .4064E+01
.1192E+04 .4443E+00 .1179E-01 .4427E+01
.1193E+04 .4230E+00 .1121E-01 .4219E+01
.1194E+04 .4389E+00 .1162E-01 .4380E+01
.1195E+04 .4114E+00 .1092E-01 .4110E+01
.1196E+04 .3930E+00 .1043E-01 .3929E+01
.1197E+04 .4501E+00 .1186E-01 .4504E+01
.1198E+04 .4049E+00 .1062E-01 .4055E+01
.1199E+04 .3263E+00 .8618E-02 .3271E+01
.1200E+04 .4170E+00 .1094E-01 .4183E+01
.1201E+04 .4018E+00 .1055E-01 .4034E+01
.1202E+04 .4052E+00 .1057E-01 .4072E+01
.1203E+04 .4000E+00 .1048E-01 .4022E+01
.1204E+04 .3233E+00 .8453E-02 .3254E+01
.1205E+04 .4062E+00 .1054E-01 .4091E+01
.1206E+04 .4566E+00 .1184E-01 .4603E+01
.1207E+04 .3943E+00 .1026E-01 .3979E+01
.1208E+04 .4016E+00 .1041E-01 .4055E+01
.1209E+04 .3861E+00 .9969E-02 .3902E+01
.1210E+04 .4266E+00 .1099E-01 .4315E+01
.1211E+04 .3919E+00 .1009E-01 .3967E+01
.1212E+04 .3879E+00 .1004E-01 .3930E+01
.1213E+04 .4438E+00 .1140E-01 .4500E+01
.1214E+04 .3995E+00 .1029E-01 .4054E+01
.1215E+04 .3925E+00 .1009E-01 .3986E+01
.1216E+04 .4414E+00 .1126E-01 .4487E+01
.1217E+04 .4282E+00 .1092E-01 .4357E+01
.1218E+04 .4327E+00 .1101E-01 .4406E+01
.1219E+04 .4172E+00 .1063E-01 .4252E+01
.1220E+04 .4321E+00 .1095E-01 .4406E+01
.1221E+04 .4415E+00 .1116E-01 .4506E+01
.1222E+04 .4260E+00 .1075E-01 .4351E+01
.1223E+04 .4178E+00 .1053E-01 .4272E+01
.1224E+04 .4200E+00 .1059E-01 .4297E+01
.1225E+04 .4388E+00 .1102E-01 .4494E+01
.1226E+04 .4465E+00 .1118E-01 .4576E+01
.1227E+04 .4056E+00 .1017E-01 .4160E+01
.1228E+04 .4469E+00 .1113E-01 .4588E+01
.1229E+04 .4461E+00 .1111E-01 .4583E+01
.1230E+04 .4379E+00 .1089E-01 .4502E+01
.1231E+04 .4542E+00 .1124E-01 .4674E+01
.1232E+04 .4486E+00 .1109E-01 .4620E+01
.1233E+04 .4305E+00 .1066E-01 .4437E+01
.1234E+04 .4538E+00 .1117E-01 .4681E+01
.1235E+04 .4480E+00 .1101E-01 .4625E+01
.1236E+04 .4527E+00 .1110E-01 .4678E+01
.1237E+04 .4446E+00 .1090E-01 .4598E+01
.1238E+04 .4518E+00 .1104E-01 .4675E+01
.1239E+04 .4467E+00 .1089E-01 .4626E+01
.1240E+04 .4451E+00 .1083E-01 .4614E+01
.1241E+04 .4448E+00 .1082E-01 .4614E+01
.1242E+04 .4467E+00 .1083E-01 .4638E+01
.1243E+04 .4421E+00 .1070E-01 .4594E+01
.1244E+04 .4395E+00 .1062E-01 .4570E+01
.1245E+04 .4410E+00 .1064E-01 .4590E+01
.1246E+04 .4439E+00 .1069E-01 .4624E+01
.1247E+04 .4416E+00 .1061E-01 .4604E+01
.1248E+04 .4420E+00 .1061E-01 .4611E+01
.1249E+04 .4437E+00 .1063E-01 .4633E+01
.1250E+04 .4408E+00 .1054E-01 .4606E+01
.1251E+04 .4355E+00 .1040E-01 .4555E+01
.1252E+04 .4352E+00 .1037E-01 .4555E+01
.1253E+04 .4300E+00 .1024E-01 .4504E+01
.1254E+04 .4244E+00 .1010E-01 .4449E+01
.1255E+04 .4345E+00 .1030E-01 .4558E+01
.1256E+04 .4204E+00 .9974E-02 .4414E+01
.1257E+04 .4150E+00 .9832E-02 .4360E+01
.1258E+04 .4274E+00 .1009E-01 .4494E+01
.1259E+04 .4042E+00 .9564E-02 .4254E+01
.1260E+04 .4087E+00 .9649E-02 .4304E+01
.1261E+04 .3823E+00 .9061E-02 .4030E+01
.1262E+04 .3637E+00 .8632E-02 .3836E+01
.1263E+04 .3676E+00 .8713E-02 .3881E+01
.1264E+04 .3320E+00 .7920E-02 .3508E+01
.1265E+04 .3637E+00 .8592E-02 .3846E+01
.1266E+04 .3486E+00 .8260E-02 .3689E+01
.1267E+04 .3551E+00 .8373E-02 .3761E+01
.1268E+04 .3329E+00 .7877E-02 .3529E+01
.1269E+04 .1833E+00 .4622E-02 .1944E+01
.1270E+04 .3529E+00 .8295E-02 .3747E+01
.1271E+04 .3804E+00 .8874E-02 .4041E+01
.1272E+04 .3818E+00 .8887E-02 .4060E+01
.1273E+04 .3786E+00 .8802E-02 .4029E+01
.1274E+04 .3796E+00 .8804E-02 .4043E+01
.1275E+04 .3869E+00 .8949E-02 .4124E+01
.1276E+04 .3928E+00 .9059E-02 .4190E+01
.1277E+04 .3976E+00 .9138E-02 .4244E+01
.1278E+04 .4080E+00 .9345E-02 .4359E+01
.1279E+04 .4048E+00 .9257E-02 .4328E+01
.1280E+04 .4027E+00 .9190E-02 .4309E+01
.1281E+04 .3959E+00 .9012E-02 .4240E+01
.1282E+04 .3597E+00 .8160E-02 .3855E+01
.1283E+04 .3923E+00 .8887E-02 .4207E+01
.1284E+04 .4048E+00 .9156E-02 .4345E+01
.1285E+04 .4083E+00 .9217E-02 .4386E+01
.1286E+04 .4127E+00 .9294E-02 .4436E+01
.1287E+04 .4054E+00 .9126E-02 .4361E+01
.1288E+04 .4040E+00 .9074E-02 .4349E+01
.1289E+04 .3887E+00 .8743E-02 .4188E+01
.1290E+04 .3974E+00 .8895E-02 .4286E+01
.1291E+04 .4031E+00 .9001E-02 .4350E+01
.1292E+04 .3729E+00 .8357E-02 .4027E+01
.1293E+04 .3961E+00 .8821E-02 .4281E+01
.1294E+04 .3876E+00 .8618E-02 .4192E+01
.1295E+04 .3856E+00 .8581E-02 .4174E+01
.1296E+04 .3649E+00 .8133E-02 .3953E+01
.1297E+04 .3436E+00 .7658E-02 .3725E+01
.1298E+04 .3719E+00 .8235E-02 .4035E+01
.1299E+04 .3932E+00 .8663E-02 .4270E+01
.1300E+04 .3236E+00 .7167E-02 .3517E+01
.1301E+04 .3362E+00 .7429E-02 .3657E+01
.1302E+04 .3718E+00 .8180E-02 .4046E+01
.1303E+04 .3203E+00 .7043E-02 .3489E+01
.1304E+04 .2629E+00 .5840E-02 .2865E+01
.1305E+04 .3639E+00 .7959E-02 .3970E+01
.1306E+04 .3635E+00 .7951E-02 .3969E+01
.1307E+04 .2741E+00 .6010E-02 .2994E+01
.1308E+04 .3229E+00 .7012E-02 .3531E+01
.1309E+04 .3613E+00 .7879E-02 .3953E+01
.1310E+04 .2690E+00 .5873E-02 .2946E+01
.1311E+04 .3080E+00 .6668E-02 .3375E+01
.1312E+04 .3043E+00 .6602E-02 .3337E+01
.1313E+04 .2846E+00 .6179E-02 .3124E+01
.1314E+04 .2565E+00 .5554E-02 .2817E+01
.1315E+04 .2512E+00 .5477E-02 .2761E+01
.1316E+04 .2965E+00 .6396E-02 .3262E+01
.1317E+04 .2842E+00 .6103E-02 .3129E+01
.1318E+04 .3088E+00 .6614E-02 .3403E+01
.1319E+04 .2324E+00 .5037E-02 .2563E+01
.1320E+04 .2275E+00 .4870E-02 .2511E+01
.1321E+04 .2682E+00 .5744E-02 .2961E+01
.1322E+04 .2686E+00 .5781E-02 .2969E+01
.1323E+04 .1939E+00 .4215E-02 .2145E+01
.1324E+04 .2279E+00 .4885E-02 .2523E+01
.1325E+04 .2942E+00 .6255E-02 .3259E+01
.1326E+04 .2477E+00 .5281E-02 .2745E+01
.1327E+04 .2329E+00 .4963E-02 .2584E+01
.1328E+04 .2009E+00 .4274E-02 .2230E+01
.1329E+04 .1409E+00 .3063E-02 .1566E+01
.1330E+04 .1874E+00 .4070E-02 .2083E+01
.1331E+04 .1056E+00 .2363E-02 .1175E+01
.1332E+04 .1103E+00 .2420E-02 .1229E+01
.1333E+04 .1563E+00 .3461E-02 .1742E+01
.1334E+04 .1371E+00 .2905E-02 .1529E+01
.1335E+04 .1924E+00 .4111E-02 .2147E+01
.1336E+04 .1459E+00 .3139E-02 .1630E+01
.1337E+04 .1277E+00 .2756E-02 .1428E+01
.1338E+04 .1380E+00 .2994E-02 .1544E+01
.1339E+04 .1389E+00 .2987E-02 .1555E+01
.1340E+04 .1358E+00 .2864E-02 .1521E+01
.1341E+04 .1292E+00 .2817E-02 .1448E+01
.1342E+04 .1356E+00 .2952E-02 .1522E+01
.1343E+04 .8171E-01 .1919E-02 .9174E+00
.1344E+04 .4971E-01 .1121E-02 .5585E+00
.1345E+04 .7198E-01 .1649E-02 .8093E+00
.1346E+04 .2980E-01 .7763E-03 .3353E+00
.1347E+04 .2942E-01 .7888E-03 .3313E+00
.1348E+04 .1287E-02 .4802E-04 .1451E-01
.1349E+04 .5157E-02 .1758E-03 .5816E-01
.1350E+04 .5742E-02 .1823E-03 .6480E-01
.1351E+04 .9692E-03 .4291E-04 .1095E-01
.1352E+04 .1711E-03 .1147E-04 .1934E-02
.1353E+04 .5896E-05 .5782E-06 .6668E-04
.1354E+04 .2707E-04 .2010E-05 .3064E-03
.1355E+04 .9046E-07 .1584E-07 .1025E-05
.1356E+04 .2842E-05 .2829E-06 .3221E-04
.1357E+04 .4290E-05 .4248E-06 .4867E-04
.1358E+04 .1112E-06 .1870E-07 .1262E-05
.1359E+04 .7068E-08 .2343E-08 .8030E-07
.1360E+04 .3961E-07 .8451E-08 .4503E-06
.1361E+04 .1080E-10 .9254E-11 .1229E-09
.1362E+04 .1720E-13 .2524E-13 .1958E-12
.1363E+04 .4096E-07 .1137E-07 .4667E-06
.1364E+04 .1749E-07 .4742E-08 .1994E-06
.1365E+04 .2634E-14 .8620E-14 .3005E-13
.1366E+04 .2167E-06 .5022E-07 .2474E-05
.1367E+04 .1053E-06 .2045E-07 .1203E-05
.1368E+04 .4269E-17 .6546E-16 .4882E-16
.1369E+04 .6381E-08 .1751E-08 .7303E-07
.1370E+04 .2349E-08 .8596E-09 .2690E-07
.1371E+04 .9651E-10 .4840E-10 .1106E-08
.1372E+04 .5900E-07 .1121E-07 .6767E-06
.1373E+04 .1849E-05 .2284E-06 .2122E-04
.1374E+04 .1182E-04 .1078E-05 .1357E-03
.1375E+04 .2031E-04 .1943E-05 .2335E-03
.1376E+04 .2474E-04 .1744E-05 .2846E-03
.1377E+04 .1071E-04 .7995E-06 .1232E-03
.1378E+04 .1149E-03 .7824E-05 .1324E-02
.1379E+04 .4525E-05 .3361E-06 .5216E-04
.1380E+04 .5248E-05 .4791E-06 .6054E-04
.1381E+04 .1192E-06 .1252E-07 .1376E-05
.1382E+04 .4873E-07 .9926E-08 .5629E-06
.1383E+04 .5933E-09 .1476E-09 .6859E-08
.1384E+04 .6382E-08 .1941E-08 .7383E-07
.1385E+04 .6509E-07 .9397E-08 .7536E-06
.1386E+04 .3524E-07 .8814E-08 .4083E-06
.1387E+04 .9629E-05 .1079E-05 .1116E-03
.1388E+04 .2062E-06 .2126E-07 .2392E-05
.1389E+04 .4795E-04 .3721E-05 .5568E-03
.1390E+04 .3985E-04 .3156E-05 .4631E-03
.1391E+04 .2562E-04 .2114E-05 .2980E-03
.1392E+04 .1568E-05 .1371E-06 .1824E-04
.1393E+04 .9721E-05 .7293E-06 .1132E-03
.1394E+04 .2922E-05 .3715E-06 .3405E-04
.1395E+04 .1596E-07 .2709E-08 .1861E-06
.1396E+04 .1912E-10 .1275E-10 .2231E-09
.1397E+04 .3436E-05 .2880E-06 .4013E-04
.1398E+04 .1245E-03 .8607E-05 .1455E-02
.1399E+04 .8125E-04 .5501E-05 .9502E-03
.1400E+04 .5548E-11 .5417E-11 .6492E-10
.1401E+04 .3905E-10 .2261E-10 .4573E-09
.1402E+04 .3566E-03 .1530E-04 .4179E-02
.1403E+04 .4066E-03 .1909E-04 .4769E-02
.1404E+04 .1189E-03 .5802E-05 .1396E-02
.1405E+04 .6017E-08 .1286E-08 .7067E-07
.1406E+04 .2644E-03 .1505E-04 .3108E-02
.1407E+04 .2746E-04 .1325E-05 .3230E-03
.1408E+04 .2223E-03 .1223E-04 .2616E-02
.1409E+04 .5781E-04 .4060E-05 .6809E-03
.1410E+04 .5702E-04 .3276E-05 .6721E-03
.1411E+04 .3711E-03 .1690E-04 .4378E-02
.1412E+04 .5520E-03 .2234E-04 .6515E-02
.1413E+04 .7964E-02 .2405E-03 .9407E-01
.1414E+04 .4675E-04 .2576E-05 .5526E-03
.1415E+04 .1997E-04 .1225E-05 .2363E-03
.1416E+04 .1667E-01 .4091E-03 .1973E+00
.1417E+04 .4046E-02 .1179E-03 .4793E-01
.1418E+04 .4325E-02 .1343E-03 .5127E-01
.1419E+04 .6344E-03 .2037E-04 .7525E-02
.1420E+04 .2601E-02 .8091E-04 .3087E-01
.1421E+04 .2975E-02 .8922E-04 .3533E-01
.1422E+04 .2199E-01 .5356E-03 .2614E+00
.1423E+04 .4026E-02 .9989E-04 .4789E-01
.1424E+04 .7844E-02 .1887E-03 .9337E-01
.1425E+04 .1114E-01 .2826E-03 .1327E+00
.1426E+04 .1374E-01 .3190E-03 .1638E+00
.1427E+04 .2854E-01 .6121E-03 .3404E+00
.1428E+04 .1182E-02 .4074E-04 .1412E-01
.1429E+04 .1973E-01 .4475E-03 .2357E+00
.1430E+04 .3741E-01 .7776E-03 .4471E+00
.1431E+04 .2753E-01 .6053E-03 .3294E+00
.1432E+04 .5428E-03 .2095E-04 .6498E-02
.1433E+04 .1902E-01 .4214E-03 .2279E+00
.1434E+04 .1103E-01 .2426E-03 .1323E+00
.1435E+04 .8520E-02 .2240E-03 .1022E+00
.1436E+04 .1855E-01 .4344E-03 .2226E+00
.1437E+04 .1466E-01 .3375E-03 .1761E+00
.1438E+04 .5517E-02 .1389E-03 .6632E-01
.1439E+04 .2598E-01 .5921E-03 .3125E+00
.1440E+04 .2063E-01 .4589E-03 .2483E+00
.1441E+04 .1467E-01 .3505E-03 .1767E+00
.1442E+04 .1697E-01 .4049E-03 .2045E+00
.1443E+04 .2480E-01 .5354E-03 .2991E+00
.1444E+04 .3620E-01 .7543E-03 .4369E+00
.1445E+04 .2593E-01 .5779E-03 .3132E+00
.1446E+04 .1102E-01 .2561E-03 .1332E+00
.1447E+04 .1796E-01 .4074E-03 .2172E+00
.1448E+04 .8108E-01 .1546E-02 .9814E+00
.1449E+04 .6824E-01 .1326E-02 .8266E+00
.1450E+04 .1393E-01 .3075E-03 .1689E+00
.1451E+04 .5097E-02 .1192E-03 .6182E-01
.1452E+04 .3784E-01 .7644E-03 .4593E+00
.1453E+04 .5175E-01 .1029E-02 .6285E+00
.1454E+04 .1028E+00 .1887E-02 .1249E+01
.1455E+04 .4345E-01 .8346E-03 .5285E+00
.1456E+04 .5621E-01 .1111E-02 .6842E+00
.1457E+04 .8285E-01 .1551E-02 .1009E+01
.1458E+04 .1061E+00 .1892E-02 .1293E+01
.1459E+04 .1255E+00 .2269E-02 .1531E+01
.1460E+04 .6088E-01 .1115E-02 .7431E+00
.1461E+04 .5977E-01 .1147E-02 .7300E+00
.1462E+04 .9491E-01 .1747E-02 .1160E+01
.1463E+04 .2672E-01 .5188E-03 .3267E+00
.1464E+04 .1183E+00 .2104E-02 .1448E+01
.1465E+04 .7105E-01 .1249E-02 .8701E+00
.1466E+04 .3964E-01 .7871E-03 .4857E+00
.1467E+04 .1883E-01 .4025E-03 .2309E+00
.1468E+04 .4926E-01 .9501E-03 .6045E+00
.1469E+04 .6447E-01 .1204E-02 .7917E+00
.1470E+04 .2650E-01 .5647E-03 .3257E+00
.1471E+04 .8914E-02 .1920E-03 .1096E+00
.1472E+04 .2463E-01 .5272E-03 .3031E+00
.1473E+04 .4361E-01 .8495E-03 .5370E+00
.1474E+04 .7020E-01 .1264E-02 .8650E+00
.1475E+04 .1491E+00 .2596E-02 .1839E+01
.1476E+04 .4520E-01 .8458E-03 .5578E+00
.1477E+04 .4395E-01 .8437E-03 .5426E+00
.1478E+04 .4400E-01 .7920E-03 .5436E+00
.1479E+04 .8995E-01 .1586E-02 .1112E+01
.1480E+04 .3823E-01 .7273E-03 .4729E+00
.1481E+04 .8446E-01 .1505E-02 .1046E+01
.1482E+04 .3957E-01 .7171E-03 .4903E+00
.1483E+04 .1142E+00 .2000E-02 .1415E+01
.1484E+04 .1098E+00 .1869E-02 .1363E+01
.1485E+04 .9595E-01 .1657E-02 .1191E+01
.1486E+04 .9181E-01 .1616E-02 .1140E+01
.1487E+04 .3790E-01 .7176E-03 .4711E+00
.1488E+04 .6997E-01 .1220E-02 .8703E+00
.1489E+04 .1583E+00 .2667E-02 .1970E+01
.1490E+04 .1479E+00 .2455E-02 .1842E+01
.1491E+04 .1736E+00 .2846E-02 .2164E+01
.1492E+04 .1315E+00 .2242E-02 .1641E+01
.1493E+04 .1504E+00 .2522E-02 .1877E+01
.1494E+04 .1757E+00 .2885E-02 .2195E+01
.1495E+04 .1564E+00 .2568E-02 .1954E+01
.1496E+04 .1424E+00 .2347E-02 .1781E+01
.1497E+04 .2103E+00 .3360E-02 .2632E+01
.1498E+04 .1664E+00 .2695E-02 .2084E+01
.1499E+04 .1952E+00 .3154E-02 .2446E+01
.1500E+04 .2350E+00 .3739E-02 .2946E+01
.1501E+04 .2473E+00 .3957E-02 .3103E+01
.1502E+04 .2166E+00 .3442E-02 .2720E+01
.1503E+04 .1634E+00 .2635E-02 .2053E+01
.1504E+04 .1353E+00 .2205E-02 .1701E+01
.1505E+04 .1612E+00 .2592E-02 .2028E+01
.1506E+04 .2450E+00 .3866E-02 .3084E+01
.1507E+04 .2388E+00 .3772E-02 .3008E+01
.1508E+04 .2286E+00 .3596E-02 .2882E+01
.1509E+04 .1629E+00 .2608E-02 .2055E+01
.1510E+04 .2591E+00 .4057E-02 .3270E+01
.1511E+04 .2496E+00 .3927E-02 .3153E+01
.1512E+04 .2488E+00 .3885E-02 .3145E+01
.1513E+04 .2226E+00 .3519E-02 .2816E+01
.1514E+04 .2041E+00 .3233E-02 .2583E+01
.1515E+04 .2552E+00 .3966E-02 .3232E+01
.1516E+04 .2445E+00 .3800E-02 .3098E+01
.1517E+04 .2341E+00 .3656E-02 .2969E+01
.1518E+04 .2376E+00 .3695E-02 .3015E+01
.1519E+04 .2274E+00 .3550E-02 .2888E+01
.1520E+04 .2516E+00 .3903E-02 .3197E+01
.1521E+04 .2701E+00 .4142E-02 .3434E+01
.1522E+04 .2535E+00 .3910E-02 .3225E+01
.1523E+04 .2755E+00 .4212E-02 .3507E+01
.1524E+04 .2675E+00 .4106E-02 .3407E+01
.1525E+04 .2471E+00 .3805E-02 .3149E+01
.1526E+04 .2562E+00 .3936E-02 .3268E+01
.1527E+04 .2518E+00 .3857E-02 .3215E+01
.1528E+04 .2740E+00 .4167E-02 .3500E+01
.1529E+04 .2647E+00 .4035E-02 .3384E+01
.1530E+04 .2463E+00 .3756E-02 .3150E+01
.1531E+04 .2611E+00 .3971E-02 .3342E+01
.1532E+04 .2737E+00 .4138E-02 .3506E+01
.1533E+04 .2727E+00 .4116E-02 .3494E+01
.1534E+04 .2633E+00 .3976E-02 .3376E+01
.1535E+04 .2597E+00 .3924E-02 .3333E+01
.1536E+04 .2693E+00 .4053E-02 .3457E+01
.1537E+04 .2675E+00 .4021E-02 .3436E+01
.1538E+04 .2686E+00 .4020E-02 .3453E+01
.1539E+04 .2679E+00 .4012E-02 .3447E+01
.1540E+04 .2605E+00 .3893E-02 .3354E+01
.1541E+04 .2645E+00 .3946E-02 .3408E+01
.1542E+04 .2640E+00 .3935E-02 .3403E+01
.1543E+04 .2681E+00 .3983E-02 .3458E+01
.1544E+04 .2674E+00 .3969E-02 .3451E+01
.1545E+04 .2740E+00 .4054E-02 .3539E+01
.1546E+04 .2710E+00 .4008E-02 .3502E+01
.1547E+04 .2702E+00 .3985E-02 .3494E+01
.1548E+04 .2640E+00 .3888E-02 .3416E+01
.1549E+04 .2710E+00 .3985E-02 .3509E+01
.1550E+04 .2673E+00 .3926E-02 .3464E+01
.1551E+04 .2678E+00 .3928E-02 .3472E+01
.1552E+04 .2682E+00 .3932E-02 .3480E+01
.1553E+04 .2688E+00 .3930E-02 .3490E+01
.1554E+04 .2620E+00 .3826E-02 .3404E+01
.1555E+04 .2652E+00 .3864E-02 .3447E+01
.1556E+04 .2606E+00 .3793E-02 .3390E+01
.1557E+04 .2682E+00 .3897E-02 .3491E+01
.1558E+04 .2660E+00 .3860E-02 .3465E+01
.1559E+04 .2656E+00 .3849E-02 .3461E+01
.1560E+04 .2632E+00 .3809E-02 .3432E+01
.1561E+04 .2675E+00 .3866E-02 .3491E+01
.1562E+04 .2646E+00 .3822E-02 .3455E+01
.1563E+04 .2640E+00 .3806E-02 .3449E+01
.1564E+04 .2599E+00 .3742E-02 .3398E+01
.1565E+04 .2649E+00 .3807E-02 .3465E+01
.1566E+04 .2598E+00 .3731E-02 .3401E+01
.1567E+04 .2603E+00 .3734E-02 .3409E+01
.1568E+04 .2532E+00 .3634E-02 .3319E+01
.1569E+04 .2484E+00 .3571E-02 .3257E+01
.1570E+04 .2312E+00 .3343E-02 .3035E+01
.1571E+04 .2197E+00 .3199E-02 .2885E+01
.1572E+04 .2232E+00 .3242E-02 .2933E+01
.1573E+04 .2195E+00 .3186E-02 .2886E+01
.1574E+04 .2301E+00 .3317E-02 .3028E+01
.1575E+04 .2339E+00 .3340E-02 .3080E+01
.1576E+04 .2384E+00 .3410E-02 .3140E+01
.1577E+04 .2050E+00 .2946E-02 .2702E+01
.1578E+04 .2234E+00 .3206E-02 .2947E+01
.1579E+04 .2238E+00 .3213E-02 .2954E+01
.1580E+04 .2339E+00 .3341E-02 .3089E+01
.1581E+04 .2392E+00 .3405E-02 .3161E+01
.1582E+04 .2341E+00 .3322E-02 .3096E+01
.1583E+04 .2405E+00 .3404E-02 .3183E+01
.1584E+04 .2440E+00 .3439E-02 .3231E+01
.1585E+04 .2546E+00 .3579E-02 .3373E+01
.1586E+04 .2519E+00 .3535E-02 .3339E+01
.1587E+04 .2495E+00 .3496E-02 .3311E+01
.1588E+04 .2487E+00 .3475E-02 .3301E+01
.1589E+04 .2303E+00 .3212E-02 .3058E+01
.1590E+04 .2394E+00 .3336E-02 .3182E+01
.1591E+04 .2397E+00 .3336E-02 .3188E+01
.1592E+04 .2494E+00 .3468E-02 .3318E+01
.1593E+04 .2560E+00 .3553E-02 .3409E+01
.1594E+04 .2535E+00 .3515E-02 .3378E+01
.1595E+04 .2558E+00 .3541E-02 .3411E+01
.1596E+04 .2420E+00 .3346E-02 .3228E+01
.1597E+04 .2436E+00 .3368E-02 .3252E+01
.1598E+04 .2506E+00 .3461E-02 .3348E+01
.1599E+04 .2361E+00 .3267E-02 .3155E+01
.1600E+04 .2293E+00 .3183E-02 .3067E+01
.1601E+04 .2117E+00 .2950E-02 .2834E+01
.1602E+04 .2116E+00 .2948E-02 .2833E+01
.1603E+04 .2112E+00 .2940E-02 .2830E+01
.1604E+04 .2169E+00 .3008E-02 .2909E+01
.1605E+04 .2299E+00 .3160E-02 .3085E+01
.1606E+04 .2362E+00 .3234E-02 .3171E+01
.1607E+04 .2252E+00 .3091E-02 .3025E+01
.1608E+04 .2190E+00 .3017E-02 .2944E+01
.1609E+04 .2160E+00 .2973E-02 .2905E+01
.1610E+04 .2087E+00 .2861E-02 .2809E+01
.1611E+04 .2185E+00 .2986E-02 .2942E+01
.1612E+04 .2238E+00 .3049E-02 .3016E+01
.1613E+04 .2310E+00 .3138E-02 .3115E+01
.1614E+04 .2337E+00 .3163E-02 .3153E+01
.1615E+04 .2371E+00 .3202E-02 .3201E+01
.1616E+04 .2273E+00 .3063E-02 .3070E+01
.1617E+04 .2315E+00 .3115E-02 .3129E+01
.1618E+04 .2408E+00 .3233E-02 .3257E+01
.1619E+04 .2380E+00 .3193E-02 .3221E+01
.1620E+04 .2323E+00 .3109E-02 .3146E+01
.1621E+04 .2321E+00 .3102E-02 .3146E+01
.1622E+04 .2354E+00 .3141E-02 .3192E+01
.1623E+04 .2404E+00 .3203E-02 .3262E+01
.1624E+04 .2404E+00 .3199E-02 .3263E+01
.1625E+04 .2356E+00 .3131E-02 .3201E+01
.1626E+04 .2374E+00 .3151E-02 .3226E+01
.1627E+04 .2386E+00 .3162E-02 .3245E+01
.1628E+04 .2387E+00 .3161E-02 .3249E+01
.1629E+04 .2391E+00 .3160E-02 .3256E+01
.1630E+04 .2341E+00 .3091E-02 .3190E+01
.1631E+04 .2351E+00 .3101E-02 .3205E+01
.1632E+04 .2356E+00 .3103E-02 .3215E+01
.1633E+04 .2289E+00 .3015E-02 .3124E+01
.1634E+04 .2306E+00 .3027E-02 .3149E+01
.1635E+04 .2296E+00 .3017E-02 .3138E+01
.1636E+04 .2324E+00 .3046E-02 .3179E+01
.1637E+04 .2246E+00 .2937E-02 .3073E+01
.1638E+04 .2146E+00 .2815E-02 .2938E+01
.1639E+04 .2174E+00 .2837E-02 .2978E+01
.1640E+04 .2082E+00 .2730E-02 .2854E+01
.1641E+04 .2155E+00 .2811E-02 .2956E+01
.1642E+04 .2173E+00 .2828E-02 .2983E+01
.1643E+04 .2070E+00 .2710E-02 .2844E+01
.1644E+04 .2205E+00 .2860E-02 .3030E+01
.1645E+04 .2129E+00 .2767E-02 .2928E+01
.1646E+04 .2101E+00 .2734E-02 .2890E+01
.1647E+04 .2249E+00 .2904E-02 .3097E+01
.1648E+04 .2087E+00 .2711E-02 .2875E+01
.1649E+04 .2144E+00 .2767E-02 .2956E+01
.1650E+04 .2218E+00 .2855E-02 .3059E+01
.1651E+04 .1996E+00 .2588E-02 .2754E+01
.1652E+04 .2198E+00 .2824E-02 .3036E+01
.1653E+04 .2197E+00 .2815E-02 .3036E+01
.1654E+04 .2088E+00 .2687E-02 .2887E+01
.1655E+04 .2196E+00 .2804E-02 .3038E+01
.1656E+04 .2167E+00 .2769E-02 .2999E+01
.1657E+04 .2187E+00 .2788E-02 .3029E+01
.1658E+04 .2228E+00 .2830E-02 .3087E+01
.1659E+04 .2188E+00 .2777E-02 .3034E+01
.1660E+04 .2210E+00 .2800E-02 .3067E+01
.1661E+04 .2212E+00 .2800E-02 .3072E+01
.1662E+04 .2150E+00 .2723E-02 .2987E+01
.1663E+04 .2204E+00 .2779E-02 .3064E+01
.1664E+04 .2185E+00 .2753E-02 .3040E+01
.1665E+04 .2054E+00 .2600E-02 .2859E+01
.1666E+04 .1605E+00 .2082E-02 .2235E+01
.1667E+04 .2044E+00 .2579E-02 .2849E+01
.1668E+04 .2121E+00 .2657E-02 .2957E+01
.1669E+04 .2123E+00 .2657E-02 .2962E+01
.1670E+04 .2198E+00 .2743E-02 .3069E+01
.1671E+04 .2161E+00 .2696E-02 .3019E+01
.1672E+04 .2096E+00 .2608E-02 .2930E+01
.1673E+04 .2148E+00 .2667E-02 .3004E+01
.1674E+04 .2126E+00 .2642E-02 .2975E+01
.1675E+04 .2109E+00 .2616E-02 .2952E+01
.1676E+04 .2093E+00 .2590E-02 .2933E+01
.1677E+04 .2095E+00 .2591E-02 .2936E+01
.1678E+04 .2047E+00 .2535E-02 .2872E+01
.1679E+04 .2116E+00 .2605E-02 .2971E+01
.1680E+04 .2038E+00 .2507E-02 .2863E+01
.1681E+04 .1911E+00 .2354E-02 .2686E+01
.1682E+04 .2024E+00 .2481E-02 .2845E+01
.1683E+04 .2077E+00 .2543E-02 .2923E+01
.1684E+04 .1898E+00 .2349E-02 .2672E+01
.1685E+04 .2119E+00 .2587E-02 .2984E+01
.1686E+04 .2089E+00 .2547E-02 .2944E+01
.1687E+04 .2007E+00 .2455E-02 .2830E+01
.1688E+04 .2084E+00 .2536E-02 .2941E+01
.1689E+04 .2055E+00 .2497E-02 .2902E+01
.1690E+04 .2028E+00 .2463E-02 .2865E+01
.1691E+04 .1840E+00 .2256E-02 .2601E+01
.1692E+04 .2040E+00 .2472E-02 .2885E+01
.1693E+04 .2101E+00 .2537E-02 .2973E+01
.1694E+04 .2009E+00 .2433E-02 .2845E+01
.1695E+04 .2080E+00 .2507E-02 .2946E+01
.1696E+04 .2079E+00 .2500E-02 .2947E+01
.1697E+04 .1692E+00 .2070E-02 .2400E+01
.1698E+04 .2055E+00 .2467E-02 .2916E+01
.1699E+04 .2035E+00 .2440E-02 .2890E+01
.1700E+04 .1964E+00 .2358E-02 .2792E+01
.1702E+04 .2021E+00 .2415E-02 .2876E+01
.1705E+04 .1941E+00 .2317E-02 .2766E+01
.1710E+04 .1829E+00 .2172E-02 .2614E+01
.1715E+04 .1854E+00 .2184E-02 .2657E+01
.1720E+04 .1834E+00 .2145E-02 .2637E+01
.1725E+04 .1709E+00 .1999E-02 .2464E+01
.1730E+04 .1682E+00 .1951E-02 .2433E+01
.1735E+04 .1560E+00 .1797E-02 .2262E+01
.1740E+04 .1619E+00 .1858E-02 .2355E+01
.1745E+04 .1480E+00 .1687E-02 .2158E+01
.1750E+04 .1589E+00 .1806E-02 .2325E+01
.1755E+04 .1452E+00 .1643E-02 .2131E+01
.1760E+04 .1521E+00 .1713E-02 .2237E+01
.1765E+04 .1228E+00 .1382E-02 .1812E+01
.1770E+04 .1308E+00 .1473E-02 .1935E+01
.1775E+04 .1014E+00 .1149E-02 .1505E+01
.1780E+04 .8607E-01 .9784E-03 .1281E+01
.1785E+04 .6170E-01 .7140E-03 .9206E+00
.1790E+04 .7249E-01 .8330E-03 .1085E+01
.1795E+04 .3009E-01 .3868E-03 .4515E+00
.1800E+04 .2183E-01 .2640E-03 .3284E+00
.1805E+04 .6592E-02 .1028E-03 .9946E-01
.1810E+04 .4574E-02 .6722E-04 .6921E-01
.1815E+04 .8403E-03 .1838E-04 .1275E-01
.1820E+04 .1714E-03 .4809E-05 .2607E-02
.1825E+04 .2289E-03 .6247E-05 .3492E-02
.1830E+04 .2002E-06 .1468E-07 .3063E-05
.1835E+04 .4826E-06 .2236E-07 .7403E-05
.1840E+04 .1045E-08 .1298E-09 .1607E-07
.1845E+04 .1131E-06 .1398E-07 .1744E-05
.1850E+04 .4677E-07 .6349E-08 .7233E-06
.1855E+04 .5296E-08 .6085E-09 .8212E-07
.1860E+04 .6803E-06 .3572E-07 .1058E-04
.1865E+04 .7864E-06 .4988E-07 .1226E-04
.1870E+04 .5417E-12 .2643E-12 .8468E-11
.1875E+04 .1055E-11 .4686E-12 .1654E-10
.1880E+04 .6359E-05 .2733E-06 .9994E-04
.1885E+04 .3118E-05 .1466E-06 .4914E-04
.1890E+04 .1844E-04 .8001E-06 .2913E-03
.1895E+04 .1207E-04 .4730E-06 .1912E-03
.1900E+04 .2259E-07 .2012E-08 .3588E-06
.1905E+04 .1720E-07 .1376E-08 .2738E-06
.1910E+04 .1134E-05 .6710E-07 .1811E-04
.1915E+04 .1529E-05 .6647E-07 .2448E-04
.1920E+04 .5208E-04 .1770E-05 .8358E-03
.1925E+04 .1673E-03 .4237E-05 .2693E-02
.1930E+04 .1003E-03 .2465E-05 .1618E-02
.1935E+04 .1110E-02 .1933E-04 .1795E-01
.1940E+04 .1302E-02 .1904E-04 .2111E-01
.1945E+04 .5313E-02 .6913E-04 .8638E-01
.1950E+04 .9006E-02 .1100E-03 .1468E+00
.1955E+04 .3913E-02 .5852E-04 .6395E-01
.1960E+04 .1239E-01 .1470E-03 .2031E+00
.1965E+04 .1743E-01 .1974E-03 .2863E+00
.1970E+04 .3577E-01 .3672E-03 .5891E+00
.1975E+04 .5625E-01 .5426E-03 .9288E+00
.1980E+04 .6592E-01 .6151E-03 .1091E+01
.1985E+04 .7516E-01 .6898E-03 .1247E+01
.1990E+04 .7830E-01 .7169E-03 .1303E+01
.1995E+04 .7252E-01 .6700E-03 .1209E+01
.2000E+04 .2384E-01 .2879E-03 .3985E+00
.2005E+04 .6291E-02 .9581E-04 .1054E+00
.2010E+04 .2453E-01 .2970E-03 .4122E+00
.2015E+04 .1403E-01 .1845E-03 .2364E+00
.2020E+04 .3011E-01 .3447E-03 .5084E+00
.2025E+04 .6216E-01 .6302E-03 .1052E+01
.2030E+04 .7658E-01 .7449E-03 .1299E+01
.2035E+04 .9235E-01 .8711E-03 .1571E+01
.2040E+04 .8355E-01 .7943E-03 .1425E+01
.2045E+04 .8497E-01 .8043E-03 .1452E+01
.2050E+04 .5602E-01 .5612E-03 .9600E+00
.2055E+04 .4122E-01 .4317E-03 .7080E+00
.2060E+04 .5830E-01 .5729E-03 .1004E+01
.2065E+04 .4977E-01 .4990E-03 .8591E+00
.2070E+04 .5438E-01 .5347E-03 .9410E+00
.2075E+04 .6945E-01 .6538E-03 .1205E+01
.2080E+04 .8288E-01 .7539E-03 .1441E+01
.2085E+04 .8084E-01 .7345E-03 .1409E+01
.2090E+04 .8650E-01 .7754E-03 .1511E+01
.2095E+04 .8829E-01 .7833E-03 .1546E+01
.2100E+04 .8370E-01 .7431E-03 .1469E+01
.2105E+04 .9296E-01 .8138E-03 .1636E+01
.2110E+04 .8853E-01 .7759E-03 .1562E+01
.2115E+04 .9168E-01 .7961E-03 .1621E+01
.2120E+04 .8650E-01 .7523E-03 .1533E+01
.2125E+04 .8826E-01 .7623E-03 .1568E+01
.2130E+04 .8999E-01 .7721E-03 .1602E+01
.2135E+04 .9056E-01 .7737E-03 .1616E+01
.2140E+04 .9157E-01 .7785E-03 .1638E+01
.2145E+04 .9020E-01 .7642E-03 .1617E+01
.2150E+04 .8353E-01 .7113E-03 .1501E+01
.2155E+04 .8402E-01 .7119E-03 .1514E+01
.2160E+04 .8360E-01 .7043E-03 .1509E+01
.2165E+04 .7535E-01 .6334E-03 .1364E+01
.2170E+04 .8181E-01 .6823E-03 .1484E+01
.2175E+04 .7928E-01 .6623E-03 .1441E+01
.2180E+04 .8161E-01 .6755E-03 .1487E+01
.2185E+04 .7253E-01 .6034E-03 .1325E+01
.2190E+04 .7842E-01 .6455E-03 .1436E+01
.2195E+04 .7823E-01 .6418E-03 .1436E+01
.2200E+04 .6749E-01 .5614E-03 .1241E+01
.2205E+04 .7219E-01 .5906E-03 .1331E+01
.2210E+04 .7962E-01 .6412E-03 .1471E+01
.2215E+04 .7548E-01 .6086E-03 .1398E+01
.2220E+04 .7755E-01 .6208E-03 .1439E+01
.2225E+04 .7492E-01 .5981E-03 .1394E+01
.2230E+04 .7539E-01 .5986E-03 .1405E+01
.2235E+04 .7354E-01 .5824E-03 .1374E+01
.2240E+04 .7238E-01 .5705E-03 .1355E+01
.2245E+04 .6920E-01 .5457E-03 .1299E+01
.2250E+04 .7126E-01 .5551E-03 .1340E+01
.2255E+04 .6549E-01 .5128E-03 .1235E+01
.2260E+04 .6455E-01 .5033E-03 .1219E+01
.2265E+04 .6671E-01 .5139E-03 .1263E+01
.2270E+04 .6204E-01 .4807E-03 .1177E+01
.2275E+04 .6103E-01 .4715E-03 .1161E+01
.2280E+04 .6489E-01 .4931E-03 .1237E+01
.2285E+04 .6023E-01 .4608E-03 .1150E+01
.2290E+04 .6053E-01 .4604E-03 .1159E+01
.2295E+04 .5853E-01 .4437E-03 .1123E+01
.2300E+04 .5495E-01 .4191E-03 .1056E+01
.2305E+04 .5558E-01 .4208E-03 .1071E+01
.2310E+04 .6272E-01 .4633E-03 .1211E+01
.2315E+04 .5477E-01 .4104E-03 .1060E+01
.2320E+04 .4705E-01 .3575E-03 .9125E+00
.2325E+04 .5384E-01 .3965E-03 .1046E+01
.2330E+04 .5381E-01 .3970E-03 .1048E+01
.2335E+04 .5559E-01 .4059E-03 .1085E+01
.2340E+04 .4057E-01 .3055E-03 .7935E+00
.2345E+04 .4697E-01 .3474E-03 .9208E+00
.2350E+04 .3622E-01 .2715E-03 .7116E+00
.2355E+04 .4280E-01 .3155E-03 .8425E+00
.2360E+04 .4628E-01 .3362E-03 .9130E+00
.2365E+04 .4621E-01 .3311E-03 .9136E+00
.2370E+04 .2388E-01 .1863E-03 .4732E+00
.2375E+04 .3940E-01 .2861E-03 .7823E+00
.2380E+04 .3825E-01 .2751E-03 .7610E+00
.2385E+04 .2550E-01 .1894E-03 .5083E+00
.2390E+04 .3183E-01 .2300E-03 .6358E+00
.2395E+04 .3551E-01 .2539E-03 .7110E+00
.2400E+04 .3956E-01 .2788E-03 .7937E+00
.2405E+04 .2903E-01 .2066E-03 .5837E+00
.2410E+04 .2906E-01 .2065E-03 .5854E+00
.2415E+04 .2210E-01 .1613E-03 .4462E+00
.2420E+04 .2190E-01 .1571E-03 .4431E+00
.2425E+04 .2812E-01 .1982E-03 .5700E+00
.2430E+04 .4018E-01 .2753E-03 .8163E+00
.2435E+04 .1086E-01 .8125E-04 .2210E+00
.2440E+04 .3943E-01 .2648E-03 .8043E+00
.2445E+04 .1610E-01 .1157E-03 .3290E+00
.2450E+04 .9530E-02 .7183E-04 .1952E+00
.2455E+04 .2018E-01 .1400E-03 .4142E+00
.2460E+04 .2801E-01 .1913E-03 .5759E+00
.2465E+04 .1859E-01 .1319E-03 .3830E+00
.2470E+04 .1133E-01 .8589E-04 .2339E+00
.2475E+04 .1095E-01 .8340E-04 .2266E+00
.2480E+04 .4671E-02 .3824E-04 .9685E-01
.2485E+04 .2668E-02 .2470E-04 .5542E-01
.2490E+04 .1345E-02 .1420E-04 .2800E-01
.2495E+04 .1112E-02 .1160E-04 .2319E-01
.2500E+04 .3448E-02 .3075E-04 .7206E-01
.2505E+04 .6484E-03 .6166E-05 .1358E-01
.2510E+04 .9735E-03 .9090E-05 .2043E-01
.2515E+04 .1674E-03 .1891E-05 .3520E-02
.2520E+04 .5325E-04 .1049E-05 .1122E-02
.2525E+04 .6723E-05 .1185E-06 .1419E-03
.2530E+04 .8980E-08 .8164E-09 .1899E-06
.2535E+04 .1219E-08 .1795E-09 .2584E-07
.2540E+04 .3761E-08 .4348E-09 .7987E-07
.2545E+04 .9948E-13 .3308E-13 .2116E-11
.2550E+04 .2053E-15 .1277E-15 .4377E-14
.2555E+04 .1870E-11 .6517E-12 .3993E-10
.2560E+04 .6443E-13 .1962E-13 .1379E-11
.2565E+04 .2694E-17 .4270E-17 .5776E-16
.2570E+04 .7114E-23 .1213E-21 .1528E-21
.2575E+04 .3044E-35 .6896E-32 .6553E-34
.2580E+04 .2756E-28 .7607E-26 .5944E-27
.2585E+04 .1401E-44 .1407E-39 .2382E-43
.2590E+04 .2587E-40 .9043E-36 .5602E-39
.2595E+04 .2045E-40 .1898E-37 .4436E-39
.2600E+04 .1692E-36 .1510E-32 .3678E-35
.2605E+04 .2102E-43 .1672E-39 .4596E-42
.2610E+04 .5605E-44 .5492E-39 .1205E-42
.2615E+04 .0000E+00 .4905E-43 .0000E+00
.2620E+04 .6908E-36 .5522E-33 .1513E-34
.2625E+04 .5792E-37 .9717E-33 .1271E-35
.2630E+04 .0000E+00 .0000E+00 .0000E+00
.2635E+04 .1281E-19 .5911E-19 .2821E-18
.2640E+04 .1198E-20 .1263E-19 .2644E-19
.2645E+04 .1890E-23 .5431E-22 .4179E-22
.2650E+04 .5707E-25 .5279E-23 .1264E-23
.2655E+04 .1240E-35 .5857E-32 .2753E-34
.2660E+04 .1521E-31 .4436E-29 .3381E-30
.2665E+04 .0000E+00 .1233E-42 .0000E+00
.2670E+04 .0000E+00 .0000E+00 .0000E+00
.2675E+04 .0000E+00 .0000E+00 .0000E+00
.2680E+04 .0000E+00 .0000E+00 .0000E+00
.2685E+04 .0000E+00 .0000E+00 .0000E+00
.2690E+04 .1959E-39 .1273E-34 .4405E-38
.2695E+04 .5269E-42 .1265E-37 .1186E-40
.2700E+04 .0000E+00 .0000E+00 .0000E+00
.2705E+04 .0000E+00 .0000E+00 .0000E+00
.2710E+04 .0000E+00 .9439E-41 .2803E-44
.2715E+04 .1448E-34 .1316E-30 .3286E-33
.2720E+04 .0000E+00 .0000E+00 .0000E+00
.2725E+04 .1114E-26 .3671E-25 .2537E-25
.2730E+04 .9447E-25 .1601E-22 .2156E-23
.2735E+04 .1270E-26 .1543E-24 .2903E-25
.2740E+04 .1658E-33 .3984E-31 .3798E-32
.2745E+04 .9024E-30 .2470E-27 .2071E-28
.2750E+04 .2692E-37 .4113E-33 .6189E-36
.2755E+04 .0000E+00 .0000E+00 .0000E+00
.2760E+04 .0000E+00 .0000E+00 .0000E+00
.2765E+04 .1332E-34 .1940E-31 .3079E-33
.2770E+04 .2944E-30 .1204E-27 .6817E-29
.2775E+04 .0000E+00 .1401E-44 .0000E+00
.2780E+04 .0000E+00 .1279E-39 .2803E-44
.2785E+04 .4665E-35 .1880E-31 .1086E-33
.2790E+04 .3453E-21 .7868E-20 .8052E-20
.2795E+04 .7164E-21 .2135E-19 .1674E-19
.2800E+04 .4482E-15 .4718E-15 .1049E-13
.2805E+04 .2358E-16 .2142E-16 .5528E-15
.2810E+04 .4074E-12 .1960E-12 .9571E-11
.2815E+04 .4120E-12 .1559E-12 .9694E-11
.2820E+04 .2655E-13 .1028E-13 .6259E-12
.2825E+04 .1458E-08 .1698E-09 .3442E-07
.2830E+04 .1073E-06 .5698E-08 .2539E-05
.2835E+04 .3835E-12 .1205E-12 .9089E-11
.2840E+04 .3278E-08 .2359E-09 .7782E-07
.2845E+04 .3134E-05 .8417E-07 .7454E-04
.2850E+04 .2594E-07 .1586E-08 .6181E-06
.2855E+04 .2701E-07 .8094E-09 .6446E-06
.2860E+04 .2001E-05 .5179E-07 .4784E-04
.2865E+04 .2113E-04 .4055E-06 .5061E-03
.2870E+04 .2857E-06 .1069E-07 .6854E-05
.2875E+04 .7541E-04 .1099E-05 .1812E-02
.2880E+04 .6165E-04 .7416E-06 .1484E-02
.2885E+04 .9143E-04 .1289E-05 .2205E-02
.2890E+04 .4779E-04 .5629E-06 .1155E-02
.2895E+04 .1178E-02 .9868E-05 .2851E-01
.2900E+04 .2807E-03 .2780E-05 .6805E-02
.2905E+04 .2445E-04 .3217E-06 .5938E-03
.2910E+04 .1313E-02 .1044E-04 .3195E-01
.2915E+04 .4768E-03 .4438E-05 .1162E-01
.2920E+04 .1388E-02 .1115E-04 .3387E-01
.2925E+04 .4724E-03 .4006E-05 .1155E-01
.2930E+04 .3511E-02 .2447E-04 .8599E-01
.2935E+04 .3908E-02 .2717E-04 .9587E-01
.2940E+04 .7284E-03 .6093E-05 .1790E-01
.2945E+04 .5675E-03 .5263E-05 .1397E-01
.2950E+04 .2958E-02 .2155E-04 .7295E-01
.2955E+04 .1345E-02 .9672E-05 .3323E-01
.2960E+04 .2746E-02 .1927E-04 .6793E-01
.2965E+04 .5096E-02 .3287E-04 .1263E+00
.2970E+04 .1321E-03 .1268E-05 .3280E-02
.2975E+04 .3728E-03 .3209E-05 .9272E-02
.2980E+04 .5862E-03 .5060E-05 .1460E-01
.2985E+04 .4655E-02 .3079E-04 .1162E+00
.2990E+04 .7959E-02 .4800E-04 .1989E+00
.2995E+04 .2500E-02 .1822E-04 .6259E-01
.3000E+04 .5501E-02 .3571E-04 .1380E+00
.3005E+04 .1609E-02 .1208E-04 .4042E-01
.3010E+04 .4867E-02 .3124E-04 .1225E+00
.3015E+04 .3512E-02 .2430E-04 .8853E-01
.3020E+04 .1957E-03 .2187E-05 .4939E-02
.3025E+04 .5320E-02 .3427E-04 .1345E+00
.3030E+04 .4133E-02 .2733E-04 .1047E+00
.3035E+04 .1391E-02 .1050E-04 .3529E-01
.3040E+04 .1069E-02 .8299E-05 .2717E-01
.3045E+04 .2424E-02 .1790E-04 .6171E-01
.3050E+04 .4815E-03 .4048E-05 .1228E-01
.3055E+04 .9316E-04 .9944E-06 .2379E-02
.3060E+04 .4401E-02 .2865E-04 .1126E+00
.3065E+04 .1596E-02 .1214E-04 .4090E-01
.3070E+04 .7977E-03 .6853E-05 .2047E-01
.3075E+04 .4122E-02 .2727E-04 .1060E+00
.3080E+04 .2267E-02 .1591E-04 .5837E-01
.3085E+04 .8365E-03 .7032E-05 .2157E-01
.3090E+04 .1175E-02 .9620E-05 .3035E-01
.3095E+04 .2350E-03 .2366E-05 .6080E-02
.3100E+04 .2830E-02 .1955E-04 .7333E-01
.3105E+04 .4346E-03 .3651E-05 .1128E-01
.3110E+04 .2940E-03 .3063E-05 .7643E-02
.3115E+04 .1148E-02 .9332E-05 .2989E-01
.3120E+04 .7355E-02 .4629E-04 .1918E+00
.3125E+04 .1966E-02 .1355E-04 .5137E-01
.3130E+04 .4293E-02 .2727E-04 .1123E+00
.3135E+04 .9082E-02 .5541E-04 .2380E+00
.3140E+04 .2059E-02 .1470E-04 .5405E-01
.3145E+04 .2068E-02 .1454E-04 .5438E-01
.3150E+04 .4790E-02 .3114E-04 .1261E+00
.3155E+04 .4062E-02 .2637E-04 .1071E+00
.3160E+04 .7022E-02 .4411E-04 .1855E+00
.3165E+04 .1224E-01 .7051E-04 .3237E+00
.3170E+04 .1084E-01 .6286E-04 .2873E+00
.3175E+04 .7134E-02 .4440E-04 .1894E+00
.3180E+04 .8951E-02 .5294E-04 .2379E+00
.3185E+04 .5513E-02 .3722E-04 .1468E+00
.3190E+04 .2911E-02 .1961E-04 .7762E-01
.3195E+04 .1274E-02 .1091E-04 .3404E-01
.3200E+04 .1333E-03 .1539E-05 .3565E-02
.3205E+04 .7564E-04 .1010E-05 .2027E-02
.3210E+04 .3023E-04 .4233E-06 .8111E-03
.3215E+04 .1560E-03 .1741E-05 .4193E-02
.3220E+04 .6534E-03 .6211E-05 .1759E-01
.3225E+04 .6654E-04 .7137E-06 .1794E-02
.3230E+04 .1076E-03 .1201E-05 .2906E-02
.3235E+04 .5149E-02 .3456E-04 .1392E+00
.3240E+04 .1953E-02 .1581E-04 .5289E-01
.3245E+04 .3517E-03 .2999E-05 .9541E-02
.3250E+04 .1455E-02 .1125E-04 .3953E-01
.3255E+04 .7689E-02 .4890E-04 .2092E+00
.3260E+04 .5411E-03 .4852E-05 .1475E-01
.3265E+04 .1315E-02 .1059E-04 .3590E-01
.3270E+04 .5010E-03 .5006E-05 .1370E-01
.3275E+04 .4007E-02 .3076E-04 .1097E+00
.3280E+04 .1617E-02 .1312E-04 .4434E-01
.3285E+04 .9259E-02 .5820E-04 .2543E+00
.3290E+04 .6511E-02 .4420E-04 .1791E+00
.3295E+04 .6426E-03 .5426E-05 .1770E-01
.3300E+04 .9916E-03 .8118E-05 .2736E-01
.3305E+04 .2442E-02 .1863E-04 .6746E-01
.3310E+04 .2243E-02 .1774E-04 .6207E-01
.3315E+04 .5978E-06 .2579E-07 .1657E-04
.3320E+04 .8833E-05 .1620E-06 .2451E-03
.3325E+04 .1827E-02 .1514E-04 .5079E-01
.3330E+04 .3558E-02 .2309E-04 .9905E-01
.3335E+04 .7053E-02 .4525E-04 .1966E+00
.3340E+04 .2432E-02 .1655E-04 .6790E-01
.3345E+04 .2207E-02 .1618E-04 .6170E-01
.3350E+04 .6541E-02 .4072E-04 .1832E+00
.3355E+04 .2234E-02 .1648E-04 .6267E-01
.3360E+04 .3821E-02 .2544E-04 .1073E+00
.3365E+04 .5864E-02 .3637E-04 .1650E+00
.3370E+04 .2344E-02 .1765E-04 .6603E-01
.3375E+04 .7107E-02 .4323E-04 .2005E+00
.3380E+04 .3299E-02 .2351E-04 .9322E-01
.3385E+04 .6067E-02 .3772E-04 .1717E+00
.3390E+04 .8145E-02 .4995E-04 .2308E+00
.3395E+04 .8152E-02 .4898E-04 .2313E+00
.3400E+04 .1184E-01 .6692E-04 .3364E+00
.3405E+04 .2804E-02 .2037E-04 .7981E-01
.3410E+04 .5869E-02 .3602E-04 .1673E+00
.3415E+04 .5405E-02 .3545E-04 .1543E+00
.3420E+04 .1280E-01 .7137E-04 .3659E+00
.3425E+04 .8454E-02 .5129E-04 .2421E+00
.3430E+04 .6873E-02 .4348E-04 .1971E+00
.3435E+04 .1095E-01 .6221E-04 .3145E+00
.3440E+04 .6209E-02 .3997E-04 .1786E+00
.3445E+04 .1039E-01 .6022E-04 .2993E+00
.3450E+04 .1011E-01 .5914E-04 .2917E+00
.3455E+04 .6848E-02 .4248E-04 .1978E+00
.3460E+04 .1212E-01 .6825E-04 .3505E+00
.3465E+04 .8387E-02 .5098E-04 .2429E+00
.3470E+04 .1190E-01 .6707E-04 .3452E+00
.3475E+04 .9987E-02 .5845E-04 .2901E+00
.3480E+04 .1034E-01 .6016E-04 .3007E+00
.3485E+04 .1161E-01 .6602E-04 .3384E+00
.3490E+04 .9319E-02 .5533E-04 .2719E+00
.3495E+04 .1190E-01 .6729E-04 .3475E+00
.3500E+04 .1146E-01 .6521E-04 .3352E+00
.3505E+04 .1135E-01 .6466E-04 .3326E+00
.3510E+04 .1157E-01 .6568E-04 .3395E+00
.3515E+04 .1096E-01 .6296E-04 .3220E+00
.3520E+04 .1189E-01 .6725E-04 .3497E+00
.3525E+04 .1097E-01 .6290E-04 .3231E+00
.3530E+04 .1057E-01 .6112E-04 .3119E+00
.3535E+04 .8345E-02 .5043E-04 .2466E+00
.3540E+04 .7833E-02 .4785E-04 .2318E+00
.3545E+04 .8444E-02 .5102E-04 .2502E+00
.3550E+04 .9897E-02 .5775E-04 .2937E+00
.3555E+04 .8054E-02 .4861E-04 .2393E+00
.3560E+04 .1029E-01 .5958E-04 .3062E+00
.3565E+04 .1030E-01 .5988E-04 .3069E+00
.3570E+04 .7346E-02 .4512E-04 .2192E+00
.3575E+04 .7507E-02 .4680E-04 .2243E+00
.3580E+04 .9591E-02 .5665E-04 .2870E+00
.3585E+04 .8240E-02 .4971E-04 .2469E+00
.3590E+04 .8704E-02 .5205E-04 .2612E+00
.3595E+04 .9136E-02 .5358E-04 .2746E+00
.3600E+04 .9894E-02 .5742E-04 .2977E+00
.3605E+04 .9824E-02 .5766E-04 .2961E+00
.3610E+04 .8780E-02 .5229E-04 .2650E+00
.3615E+04 .8994E-02 .5273E-04 .2718E+00
.3620E+04 .1166E-01 .6600E-04 .3527E+00
.3625E+04 .9749E-02 .5688E-04 .2954E+00
.3630E+04 .9541E-02 .5539E-04 .2895E+00
.3635E+04 .9952E-02 .5747E-04 .3024E+00
.3640E+04 .1155E-01 .6506E-04 .3514E+00
.3645E+04 .1025E-01 .5903E-04 .3124E+00
.3650E+04 .9738E-02 .5626E-04 .2971E+00
.3655E+04 .1092E-01 .6198E-04 .3335E+00
.3660E+04 .1086E-01 .6147E-04 .3321E+00
.3665E+04 .9876E-02 .5697E-04 .3026E+00
.3670E+04 .7142E-02 .4275E-04 .2191E+00
.3675E+04 .3655E-02 .2436E-04 .1123E+00
.3680E+04 .7504E-02 .4505E-04 .2309E+00
.3685E+04 .8883E-02 .5187E-04 .2736E+00
.3690E+04 .9214E-02 .5350E-04 .2842E+00
.3695E+04 .9933E-02 .5666E-04 .3068E+00
.3700E+04 .1102E-01 .6163E-04 .3408E+00
.3705E+04 .1084E-01 .6082E-04 .3356E+00
.3710E+04 .8977E-02 .5179E-04 .2784E+00
.3715E+04 .8879E-02 .5109E-04 .2757E+00
.3720E+04 .1038E-01 .5841E-04 .3228E+00
.3725E+04 .1079E-01 .6039E-04 .3359E+00
.3730E+04 .8966E-02 .5137E-04 .2796E+00
.3735E+04 .8102E-02 .4708E-04 .2530E+00
.3740E+04 .8495E-02 .4887E-04 .2656E+00
.3745E+04 .1040E-01 .5820E-04 .3257E+00
.3750E+04 .9109E-02 .5169E-04 .2855E+00
.3755E+04 .8737E-02 .4984E-04 .2742E+00
.3760E+04 .8469E-02 .4884E-04 .2662E+00
.3765E+04 .8156E-02 .4703E-04 .2567E+00
.3770E+04 .8933E-02 .5072E-04 .2815E+00
.3775E+04 .8850E-02 .5029E-04 .2793E+00
.3780E+04 .9512E-02 .5356E-04 .3006E+00
.3785E+04 .8465E-02 .4861E-04 .2678E+00
.3790E+04 .7225E-02 .4220E-04 .2289E+00
.3795E+04 .8636E-02 .4914E-04 .2740E+00
.3800E+04 .9928E-02 .5544E-04 .3154E+00
.3805E+04 .9189E-02 .5188E-04 .2923E+00
.3810E+04 .7781E-02 .4512E-04 .2478E+00
.3815E+04 .7245E-02 .4220E-04 .2311E+00
.3820E+04 .9721E-02 .5424E-04 .3104E+00
.3825E+04 .9508E-02 .5322E-04 .3040E+00
.3830E+04 .9673E-02 .5391E-04 .3097E+00
.3835E+04 .7117E-02 .4167E-04 .2282E+00
.3840E+04 .8817E-02 .4984E-04 .2830E+00
.3845E+04 .8534E-02 .4851E-04 .2743E+00
.3850E+04 .8602E-02 .4880E-04 .2769E+00
.3855E+04 .8194E-02 .4680E-04 .2641E+00
.3860E+04 .7458E-02 .4334E-04 .2407E+00
.3865E+04 .7601E-02 .4398E-04 .2456E+00
.3870E+04 .6616E-02 .3922E-04 .2140E+00
.3875E+04 .5812E-02 .3533E-04 .1883E+00
.3880E+04 .5532E-02 .3390E-04 .1794E+00
.3885E+04 .5856E-02 .3543E-04 .1902E+00
.3890E+04 .6001E-02 .3613E-04 .1951E+00
.3895E+04 .6825E-02 .4000E-04 .2222E+00
.3900E+04 .7472E-02 .4301E-04 .2436E+00
.3905E+04 .7476E-02 .4297E-04 .2440E+00
.3910E+04 .6394E-02 .3782E-04 .2090E+00
.3915E+04 .6201E-02 .3686E-04 .2029E+00
.3920E+04 .6180E-02 .3666E-04 .2025E+00
.3925E+04 .6063E-02 .3607E-04 .1989E+00
.3930E+04 .6348E-02 .3736E-04 .2085E+00
.3935E+04 .6771E-02 .3932E-04 .2227E+00
.3940E+04 .6868E-02 .3969E-04 .2262E+00
.3945E+04 .7078E-02 .4062E-04 .2334E+00
.3950E+04 .7239E-02 .4126E-04 .2390E+00
.3955E+04 .7381E-02 .4186E-04 .2440E+00
.3960E+04 .7448E-02 .4209E-04 .2465E+00
.3965E+04 .7536E-02 .4245E-04 .2498E+00
.3970E+04 .7390E-02 .4169E-04 .2452E+00
.3975E+04 .7151E-02 .4056E-04 .2376E+00
.3980E+04 .7003E-02 .3979E-04 .2330E+00
.3985E+04 .7084E-02 .4011E-04 .2360E+00
.3990E+04 .7006E-02 .3970E-04 .2337E+00
.3995E+04 .6805E-02 .3869E-04 .2273E+00
.4000E+04 .6662E-02 .3800E-04 .2228E+00
